   10.2677173854413        9.96996585896670        10.6133651990400     
   7.82706209965904        9.10258448368014        9.82509942339633     
   7.56998550589841        9.22344964034148        10.1297597540849     
  6.144463328194067E-002  0.176133642426637       0.212424803337609     
  0.230917954466916       0.165941850098093       0.187851601869243     
  0.316850244039016       0.259008612108739       0.259256611956785     
 -9.390650883708931E-004 -3.184480467934682E-003 -4.482345473451006E-003
 -4.116350631986483E-003 -2.119925763454998E-003 -2.605963044724564E-003
 -5.800412818809849E-003 -4.875019830229071E-003 -4.807575349034672E-003
   1.03072307343300     
