  1  1  1   0.64400
  1  1  2   0.61245
  1  1  3   0.58184
  1  1  4   0.55288
  1  1  5   0.52608
  1  1  6   0.50181
  1  1  7   0.48028
  1  1  8   0.46161
  1  1  9   0.44580
  1  1 10   0.43286
  1  1 11   0.42273
  1  1 12   0.41539
  1  1 13   0.41082
  1  1 14   0.40900
  1  1 15   0.40995
  1  1 16   0.41372
  1  1 17   0.42032
  1  1 18   0.42977
  1  1 19   0.44206
  1  1 20   0.45707
  1  1 21   0.47462
  1  1 22   0.49439
  1  1 23   0.51593
  1  1 24   0.53870
  1  1 25   0.56207
  1  1 26   0.58542
  1  1 27   0.60816
  1  1 28   0.62983
  1  1 29   0.65009
  1  1 30   0.66874
  1  1 31   0.68572
  1  1 32   0.70105
  1  1 33   0.71481
  1  1 34   0.72712
  1  1 35   0.73814
  1  1 36   0.74799
  1  1 37   0.75681
  2  1  1   0.45568
  2  1  2   0.42077
  2  1  3   0.38879
  2  1  4   0.36006
  2  1  5   0.33468
  2  1  6   0.31261
  2  1  7   0.29369
  2  1  8   0.27774
  2  1  9   0.26453
  2  1 10   0.25387
  2  1 11   0.24561
  2  1 12   0.23962
  2  1 13   0.23585
  2  1 14   0.23429
  2  1 15   0.23498
  2  1 16   0.23802
  2  1 17   0.24357
  2  1 18   0.25180
  2  1 19   0.26291
  2  1 20   0.27709
  2  1 21   0.29444
  2  1 22   0.31500
  2  1 23   0.33861
  2  1 24   0.36494
  2  1 25   0.39346
  2  1 26   0.42346
  2  1 27   0.45415
  2  1 28   0.48471
  2  1 29   0.51443
  2  1 30   0.54273
  2  1 31   0.56922
  2  1 32   0.59368
  2  1 33   0.61603
  2  1 34   0.63632
  2  1 35   0.65465
  2  1 36   0.67118
  2  1 37   0.68606
  1  2  1   0.52149
  1  2  2   0.51005
  1  2  3   0.49811
  1  2  4   0.48568
  1  2  5   0.47280
  1  2  6   0.45949
  1  2  7   0.44577
  1  2  8   0.43166
  1  2  9   0.41718
  1  2 10   0.40237
  1  2 11   0.38725
  1  2 12   0.37186
  1  2 13   0.35623
  1  2 14   0.34042
  1  2 15   0.32449
  1  2 16   0.30849
  1  2 17   0.29250
  1  2 18   0.27660
  1  2 19   0.26089
  1  2 20   0.24545
  1  2 21   0.23040
  1  2 22   0.21583
  1  2 23   0.20184
  1  2 24   0.18852
  1  2 25   0.17596
  1  2 26   0.16422
  1  2 27   0.15337
  1  2 28   0.14343
  1  2 29   0.13443
  1  2 30   0.12637
  1  2 31   0.11922
  1  2 32   0.11296
  1  2 33   0.10754
  1  2 34   0.10293
  1  2 35   0.09905
  1  2 36   0.09587
  1  2 37   0.09331
  2  2  1   0.32805
  2  2  2   0.31749
  2  2  3   0.30672
  2  2  4   0.29578
  2  2  5   0.28467
  2  2  6   0.27340
  2  2  7   0.26201
  2  2  8   0.25052
  2  2  9   0.23894
  2  2 10   0.22731
  2  2 11   0.21566
  2  2 12   0.20404
  2  2 13   0.19248
  2  2 14   0.18104
  2  2 15   0.16976
  2  2 16   0.15872
  2  2 17   0.14795
  2  2 18   0.13754
  2  2 19   0.12752
  2  2 20   0.11797
  2  2 21   0.10894
  2  2 22   0.10046
  2  2 23   0.09258
  2  2 24   0.08533
  2  2 25   0.07872
  2  2 26   0.07275
  2  2 27   0.06743
  2  2 28   0.06273
  2  2 29   0.05864
  2  2 30   0.05513
  2  2 31   0.05217
  2  2 32   0.04972
  2  2 33   0.04774
  2  2 34   0.04621
  2  2 35   0.04508
  2  2 36   0.04433
  2  2 37   0.04393
  1  3  1   0.54893
  1  3  2   0.56325
  1  3  3   0.57456
  1  3  4   0.58290
  1  3  5   0.58830
  1  3  6   0.59078
  1  3  7   0.59036
  1  3  8   0.58706
  1  3  9   0.58085
  1  3 10   0.57171
  1  3 11   0.55960
  1  3 12   0.54450
  1  3 13   0.52636
  1  3 14   0.50520
  1  3 15   0.48106
  1  3 16   0.45404
  1  3 17   0.42435
  1  3 18   0.39230
  1  3 19   0.35832
  1  3 20   0.32298
  1  3 21   0.28697
  1  3 22   0.25107
  1  3 23   0.21613
  1  3 24   0.18294
  1  3 25   0.15224
  1  3 26   0.12460
  1  3 27   0.10037
  1  3 28   0.07968
  1  3 29   0.06247
  1  3 30   0.04847
  1  3 31   0.03731
  1  3 32   0.02858
  1  3 33   0.02184
  1  3 34   0.01669
  1  3 35   0.01279
  1  3 36   0.00984
  1  3 37   0.00762
  2  3  1   0.41421
  2  3  2   0.42816
  2  3  3   0.43934
  2  3  4   0.44768
  2  3  5   0.45312
  2  3  6   0.45563
  2  3  7   0.45522
  2  3  8   0.45188
  2  3  9   0.44562
  2  3 10   0.43645
  2  3 11   0.42441
  2  3 12   0.40956
  2  3 13   0.39198
  2  3 14   0.37181
  2  3 15   0.34926
  2  3 16   0.32458
  2  3 17   0.29814
  2  3 18   0.27038
  2  3 19   0.24183
  2  3 20   0.21309
  2  3 21   0.18481
  2  3 22   0.15763
  2  3 23   0.13217
  2  3 24   0.10892
  2  3 25   0.08825
  2  3 26   0.07036
  2  3 27   0.05528
  2  3 28   0.04289
  2  3 29   0.03295
  2  3 30   0.02512
  2  3 31   0.01907
  2  3 32   0.01447
  2  3 33   0.01099
  2  3 34   0.00839
  2  3 35   0.00645
  2  3 36   0.00501
  2  3 37   0.00392
  1  1  1   0.97181
  1  1  2   0.96732
  1  1  3   0.96216
  1  1  4   0.95643
  1  1  5   0.95031
  1  1  6   0.94399
  1  1  7   0.93772
  1  1  8   0.93173
  1  1  9   0.92626
  1  1 10   0.92149
  1  1 11   0.91760
  1  1 12   0.91470
  1  1 13   0.91286
  1  1 14   0.91209
  1  1 15   0.91233
  1  1 16   0.91350
  1  1 17   0.91546
  1  1 18   0.91802
  1  1 19   0.92098
  1  1 20   0.92412
  1  1 21   0.92722
  1  1 22   0.93010
  1  1 23   0.93259
  1  1 24   0.93457
  1  1 25   0.93599
  1  1 26   0.93681
  1  1 27   0.93705
  1  1 28   0.93674
  1  1 29   0.93596
  1  1 30   0.93477
  1  1 31   0.93324
  1  1 32   0.93144
  1  1 33   0.92943
  1  1 34   0.92726
  1  1 35   0.92498
  1  1 36   0.92263
  1  1 37   0.92025
  2  1  1   0.92125
  2  1  2   0.91036
  2  1  3   0.89850
  2  1  4   0.88601
  2  1  5   0.87326
  2  1  6   0.86066
  2  1  7   0.84861
  2  1  8   0.83747
  2  1  9   0.82755
  2  1 10   0.81911
  2  1 11   0.81234
  2  1 12   0.80739
  2  1 13   0.80431
  2  1 14   0.80313
  2  1 15   0.80379
  2  1 16   0.80619
  2  1 17   0.81015
  2  1 18   0.81544
  2  1 19   0.82178
  2  1 20   0.82885
  2  1 21   0.83630
  2  1 22   0.84378
  2  1 23   0.85098
  2  1 24   0.85764
  2  1 25   0.86358
  2  1 26   0.86869
  2  1 27   0.87293
  2  1 28   0.87632
  2  1 29   0.87894
  2  1 30   0.88086
  2  1 31   0.88218
  2  1 32   0.88301
  2  1 33   0.88343
  2  1 34   0.88351
  2  1 35   0.88335
  2  1 36   0.88301
  2  1 37   0.88253
  1  2  1   0.98356
  1  2  2   0.98252
  1  2  3   0.98132
  1  2  4   0.97996
  1  2  5   0.97843
  1  2  6   0.97671
  1  2  7   0.97479
  1  2  8   0.97267
  1  2  9   0.97031
  1  2 10   0.96771
  1  2 11   0.96484
  1  2 12   0.96166
  1  2 13   0.95814
  1  2 14   0.95425
  1  2 15   0.94993
  1  2 16   0.94513
  1  2 17   0.93979
  1  2 18   0.93384
  1  2 19   0.92719
  1  2 20   0.91976
  1  2 21   0.91144
  1  2 22   0.90214
  1  2 23   0.89175
  1  2 24   0.88015
  1  2 25   0.86727
  1  2 26   0.85301
  1  2 27   0.83733
  1  2 28   0.82020
  1  2 29   0.80163
  1  2 30   0.78170
  1  2 31   0.76053
  1  2 32   0.73828
  1  2 33   0.71516
  1  2 34   0.69143
  1  2 35   0.66734
  1  2 36   0.64317
  1  2 37   0.61920
  2  2  1   0.94958
  2  2  2   0.94685
  2  2  3   0.94376
  2  2  4   0.94031
  2  2  5   0.93650
  2  2  6   0.93231
  2  2  7   0.92772
  2  2  8   0.92272
  2  2  9   0.91728
  2  2 10   0.91137
  2  2 11   0.90496
  2  2 12   0.89801
  2  2 13   0.89048
  2  2 14   0.88232
  2  2 15   0.87347
  2  2 16   0.86387
  2  2 17   0.85346
  2  2 18   0.84217
  2  2 19   0.82993
  2  2 20   0.81668
  2  2 21   0.80236
  2  2 22   0.78692
  2  2 23   0.77033
  2  2 24   0.75257
  2  2 25   0.73367
  2  2 26   0.71367
  2  2 27   0.69267
  2  2 28   0.67077
  2  2 29   0.64816
  2  2 30   0.62502
  2  2 31   0.60158
  2  2 32   0.57807
  2  2 33   0.55473
  2  2 34   0.53179
  2  2 35   0.50948
  2  2 36   0.48797
  2  2 37   0.46742
  1  3  1   0.97487
  1  3  2   0.97700
  1  3  3   0.97856
  1  3  4   0.97964
  1  3  5   0.98031
  1  3  6   0.98061
  1  3  7   0.98056
  1  3  8   0.98017
  1  3  9   0.97942
  1  3 10   0.97827
  1  3 11   0.97668
  1  3 12   0.97457
  1  3 13   0.97182
  1  3 14   0.96831
  1  3 15   0.96383
  1  3 16   0.95816
  1  3 17   0.95098
  1  3 18   0.94191
  1  3 19   0.93048
  1  3 20   0.91613
  1  3 21   0.89821
  1  3 22   0.87600
  1  3 23   0.84880
  1  3 24   0.81593
  1  3 25   0.77692
  1  3 26   0.73159
  1  3 27   0.68021
  1  3 28   0.62356
  1  3 29   0.56297
  1  3 30   0.50022
  1  3 31   0.43735
  1  3 32   0.37642
  1  3 33   0.31924
  1  3 34   0.26715
  1  3 35   0.22099
  1  3 36   0.18106
  1  3 37   0.14721
  2  3  1   0.94696
  2  3  2   0.95089
  2  3  3   0.95381
  2  3  4   0.95585
  2  3  5   0.95713
  2  3  6   0.95770
  2  3  7   0.95760
  2  3  8   0.95684
  2  3  9   0.95539
  2  3 10   0.95319
  2  3 11   0.95017
  2  3 12   0.94621
  2  3 13   0.94114
  2  3 14   0.93476
  2  3 15   0.92682
  2  3 16   0.91698
  2  3 17   0.90487
  2  3 18   0.89002
  2  3 19   0.87193
  2  3 20   0.85002
  2  3 21   0.82373
  2  3 22   0.79251
  2  3 23   0.75595
  2  3 24   0.71384
  2  3 25   0.66628
  2  3 26   0.61378
  2  3 27   0.55730
  2  3 28   0.49824
  2  3 29   0.43829
  2  3 30   0.37933
  2  3 31   0.32312
  2  3 32   0.27116
  2  3 33   0.22451
  2  3 34   0.18371
  2  3 35   0.14887
  2  3 36   0.11969
  2  3 37   0.09567
