  1  1  1  1   0.98346
  1  1  2  1   0.97980
  1  1  3  1   0.97536
  1  1  4  1   0.97006
  1  1  5  1   0.96384
  1  1  6  1   0.95667
  1  1  7  1   0.94853
  1  1  8  1   0.93940
  1  1  9  1   0.92930
  1  1 10  1   0.91826
  1  1 11  1   0.90630
  1  1 12  1   0.89348
  1  1 13  1   0.87982
  1  1 14  1   0.86538
  1  1 15  1   0.85019
  1  1 16  1   0.83431
  1  1 17  1   0.81779
  1  1 18  1   0.80067
  1  1 19  1   0.78302
  1  1 20  1   0.76491
  1  1 21  1   0.74643
  1  1 22  1   0.72771
  1  1 23  1   0.70887
  1  1 24  1   0.69009
  1  1 25  1   0.67155
  1  1 26  1   0.65345
  1  1 27  1   0.63601
  1  1 28  1   0.61942
  1  1 29  1   0.60387
  1  1 30  1   0.58949
  1  1 31  1   0.57638
  1  1 32  1   0.56461
  1  1 33  1   0.55417
  1  1 34  1   0.54504
  1  1 35  1   0.53715
  1  1 36  1   0.53042
  1  1 37  1   0.52477
  2  1  1  1   0.94317
  2  1  2  1   0.93257
  2  1  3  1   0.92040
  2  1  4  1   0.90667
  2  1  5  1   0.89142
  2  1  6  1   0.87472
  2  1  7  1   0.85667
  2  1  8  1   0.83741
  2  1  9  1   0.81708
  2  1 10  1   0.79582
  2  1 11  1   0.77378
  2  1 12  1   0.75111
  2  1 13  1   0.72795
  2  1 14  1   0.70445
  2  1 15  1   0.68075
  2  1 16  1   0.65698
  2  1 17  1   0.63329
  2  1 18  1   0.60983
  2  1 19  1   0.58677
  2  1 20  1   0.56427
  2  1 21  1   0.54252
  2  1 22  1   0.52170
  2  1 23  1   0.50200
  2  1 24  1   0.48361
  2  1 25  1   0.46669
  2  1 26  1   0.45138
  2  1 27  1   0.43778
  2  1 28  1   0.42597
  2  1 29  1   0.41594
  2  1 30  1   0.40768
  2  1 31  1   0.40110
  2  1 32  1   0.39610
  2  1 33  1   0.39256
  2  1 34  1   0.39032
  2  1 35  1   0.38925
  2  1 36  1   0.38919
  2  1 37  1   0.39000
  1  2  1  1   0.96763
  1  2  2  1   0.96721
  1  2  3  1   0.96644
  1  2  4  1   0.96529
  1  2  5  1   0.96375
  1  2  6  1   0.96178
  1  2  7  1   0.95933
  1  2  8  1   0.95635
  1  2  9  1   0.95277
  1  2 10  1   0.94849
  1  2 11  1   0.94341
  1  2 12  1   0.93739
  1  2 13  1   0.93029
  1  2 14  1   0.92194
  1  2 15  1   0.91212
  1  2 16  1   0.90061
  1  2 17  1   0.88714
  1  2 18  1   0.87145
  1  2 19  1   0.85322
  1  2 20  1   0.83216
  1  2 21  1   0.80799
  1  2 22  1   0.78044
  1  2 23  1   0.74934
  1  2 24  1   0.71459
  1  2 25  1   0.67624
  1  2 26  1   0.63450
  1  2 27  1   0.58978
  1  2 28  1   0.54267
  1  2 29  1   0.49395
  1  2 30  1   0.44457
  1  2 31  1   0.39552
  1  2 32  1   0.34784
  1  2 33  1   0.30247
  1  2 34  1   0.26022
  1  2 35  1   0.22167
  1  2 36  1   0.18719
  1  2 37  1   0.15692
  2  2  1  1   0.88426
  2  2  2  1   0.88304
  2  2  3  1   0.88089
  2  2  4  1   0.87777
  2  2  5  1   0.87366
  2  2  6  1   0.86849
  2  2  7  1   0.86220
  2  2  8  1   0.85470
  2  2  9  1   0.84589
  2  2 10  1   0.83563
  2  2 11  1   0.82381
  2  2 12  1   0.81026
  2  2 13  1   0.79482
  2  2 14  1   0.77733
  2  2 15  1   0.75762
  2  2 16  1   0.73553
  2  2 17  1   0.71091
  2  2 18  1   0.68366
  2  2 19  1   0.65373
  2  2 20  1   0.62113
  2  2 21  1   0.58596
  2  2 22  1   0.54843
  2  2 23  1   0.50886
  2  2 24  1   0.46769
  2  2 25  1   0.42551
  2  2 26  1   0.38297
  2  2 27  1   0.34080
  2  2 28  1   0.29976
  2  2 29  1   0.26058
  2  2 30  1   0.22390
  2  2 31  1   0.19023
  2  2 32  1   0.15994
  2  2 33  1   0.13320
  2  2 34  1   0.11002
  2  2 35  1   0.09028
  2  2 36  1   0.07373
  2  2 37  1   0.06004
  1  3  1  1   0.95071
  1  3  2  1   0.95419
  1  3  3  1   0.95675
  1  3  4  1   0.95851
  1  3  5  1   0.95953
  1  3  6  1   0.95989
  1  3  7  1   0.95960
  1  3  8  1   0.95866
  1  3  9  1   0.95703
  1  3 10  1   0.95467
  1  3 11  1   0.95147
  1  3 12  1   0.94731
  1  3 13  1   0.94203
  1  3 14  1   0.93540
  1  3 15  1   0.92716
  1  3 16  1   0.91698
  1  3 17  1   0.90447
  1  3 18  1   0.88916
  1  3 19  1   0.87053
  1  3 20  1   0.84802
  1  3 21  1   0.82104
  1  3 22  1   0.78905
  1  3 23  1   0.75163
  1  3 24  1   0.70855
  1  3 25  1   0.65991
  1  3 26  1   0.60620
  1  3 27  1   0.54838
  1  3 28  1   0.48785
  1  3 29  1   0.42640
  1  3 30  1   0.36598
  1  3 31  1   0.30852
  1  3 32  1   0.25565
  1  3 33  1   0.20854
  1  3 34  1   0.16781
  1  3 35  1   0.13353
  1  3 36  1   0.10533
  1  3 37  1   0.08259
  2  3  1  1   0.91262
  2  3  2  1   0.91803
  2  3  3  1   0.92206
  2  3  4  1   0.92483
  2  3  5  1   0.92647
  2  3  6  1   0.92704
  2  3  7  1   0.92657
  2  3  8  1   0.92505
  2  3  9  1   0.92245
  2  3 10  1   0.91869
  2  3 11  1   0.91363
  2  3 12  1   0.90714
  2  3 13  1   0.89899
  2  3 14  1   0.88893
  2  3 15  1   0.87665
  2  3 16  1   0.86180
  2  3 17  1   0.84396
  2  3 18  1   0.82270
  2  3 19  1   0.79756
  2  3 20  1   0.76810
  2  3 21  1   0.73397
  2  3 22  1   0.69494
  2  3 23  1   0.65100
  2  3 24  1   0.60242
  2  3 25  1   0.54984
  2  3 26  1   0.49425
  2  3 27  1   0.43701
  2  3 28  1   0.37973
  2  3 29  1   0.32412
  2  3 30  1   0.27179
  2  3 31  1   0.22408
  2  3 32  1   0.18190
  2  3 33  1   0.14568
  2  3 34  1   0.11537
  2  3 35  1   0.09059
  2  3 36  1   0.07072
  2  3 37  1   0.05502
  1  1  1  2   0.98346
  1  1  2  2   0.97980
  1  1  3  2   0.97536
  1  1  4  2   0.97006
  1  1  5  2   0.96384
  1  1  6  2   0.95667
  1  1  7  2   0.94853
  1  1  8  2   0.93940
  1  1  9  2   0.92930
  1  1 10  2   0.91826
  1  1 11  2   0.90630
  1  1 12  2   0.89348
  1  1 13  2   0.87982
  1  1 14  2   0.86538
  1  1 15  2   0.85019
  1  1 16  2   0.83431
  1  1 17  2   0.81779
  1  1 18  2   0.80067
  1  1 19  2   0.78302
  1  1 20  2   0.76491
  1  1 21  2   0.74643
  1  1 22  2   0.72771
  1  1 23  2   0.70887
  1  1 24  2   0.69009
  1  1 25  2   0.67155
  1  1 26  2   0.65345
  1  1 27  2   0.63601
  1  1 28  2   0.61942
  1  1 29  2   0.60387
  1  1 30  2   0.58949
  1  1 31  2   0.57638
  1  1 32  2   0.56461
  1  1 33  2   0.55417
  1  1 34  2   0.54504
  1  1 35  2   0.53715
  1  1 36  2   0.53042
  1  1 37  2   0.52477
  2  1  1  2   0.94317
  2  1  2  2   0.93257
  2  1  3  2   0.92040
  2  1  4  2   0.90667
  2  1  5  2   0.89142
  2  1  6  2   0.87472
  2  1  7  2   0.85667
  2  1  8  2   0.83741
  2  1  9  2   0.81708
  2  1 10  2   0.79582
  2  1 11  2   0.77378
  2  1 12  2   0.75111
  2  1 13  2   0.72795
  2  1 14  2   0.70445
  2  1 15  2   0.68075
  2  1 16  2   0.65698
  2  1 17  2   0.63329
  2  1 18  2   0.60983
  2  1 19  2   0.58677
  2  1 20  2   0.56427
  2  1 21  2   0.54252
  2  1 22  2   0.52170
  2  1 23  2   0.50200
  2  1 24  2   0.48361
  2  1 25  2   0.46669
  2  1 26  2   0.45138
  2  1 27  2   0.43778
  2  1 28  2   0.42597
  2  1 29  2   0.41594
  2  1 30  2   0.40768
  2  1 31  2   0.40110
  2  1 32  2   0.39610
  2  1 33  2   0.39256
  2  1 34  2   0.39032
  2  1 35  2   0.38925
  2  1 36  2   0.38919
  2  1 37  2   0.39000
  1  2  1  2   0.96763
  1  2  2  2   0.96721
  1  2  3  2   0.96644
  1  2  4  2   0.96529
  1  2  5  2   0.96375
  1  2  6  2   0.96178
  1  2  7  2   0.95933
  1  2  8  2   0.95635
  1  2  9  2   0.95277
  1  2 10  2   0.94849
  1  2 11  2   0.94341
  1  2 12  2   0.93739
  1  2 13  2   0.93029
  1  2 14  2   0.92194
  1  2 15  2   0.91212
  1  2 16  2   0.90061
  1  2 17  2   0.88714
  1  2 18  2   0.87145
  1  2 19  2   0.85322
  1  2 20  2   0.83216
  1  2 21  2   0.80799
  1  2 22  2   0.78044
  1  2 23  2   0.74934
  1  2 24  2   0.71459
  1  2 25  2   0.67624
  1  2 26  2   0.63450
  1  2 27  2   0.58978
  1  2 28  2   0.54267
  1  2 29  2   0.49395
  1  2 30  2   0.44457
  1  2 31  2   0.39552
  1  2 32  2   0.34784
  1  2 33  2   0.30247
  1  2 34  2   0.26022
  1  2 35  2   0.22167
  1  2 36  2   0.18719
  1  2 37  2   0.15692
  2  2  1  2   0.88426
  2  2  2  2   0.88304
  2  2  3  2   0.88089
  2  2  4  2   0.87777
  2  2  5  2   0.87366
  2  2  6  2   0.86849
  2  2  7  2   0.86220
  2  2  8  2   0.85470
  2  2  9  2   0.84589
  2  2 10  2   0.83563
  2  2 11  2   0.82381
  2  2 12  2   0.81026
  2  2 13  2   0.79482
  2  2 14  2   0.77733
  2  2 15  2   0.75762
  2  2 16  2   0.73553
  2  2 17  2   0.71091
  2  2 18  2   0.68366
  2  2 19  2   0.65373
  2  2 20  2   0.62113
  2  2 21  2   0.58596
  2  2 22  2   0.54843
  2  2 23  2   0.50886
  2  2 24  2   0.46769
  2  2 25  2   0.42551
  2  2 26  2   0.38297
  2  2 27  2   0.34080
  2  2 28  2   0.29976
  2  2 29  2   0.26058
  2  2 30  2   0.22390
  2  2 31  2   0.19023
  2  2 32  2   0.15994
  2  2 33  2   0.13320
  2  2 34  2   0.11002
  2  2 35  2   0.09028
  2  2 36  2   0.07373
  2  2 37  2   0.06004
  1  3  1  2   0.95071
  1  3  2  2   0.95419
  1  3  3  2   0.95675
  1  3  4  2   0.95851
  1  3  5  2   0.95953
  1  3  6  2   0.95989
  1  3  7  2   0.95960
  1  3  8  2   0.95866
  1  3  9  2   0.95703
  1  3 10  2   0.95467
  1  3 11  2   0.95147
  1  3 12  2   0.94731
  1  3 13  2   0.94203
  1  3 14  2   0.93540
  1  3 15  2   0.92716
  1  3 16  2   0.91698
  1  3 17  2   0.90447
  1  3 18  2   0.88916
  1  3 19  2   0.87053
  1  3 20  2   0.84802
  1  3 21  2   0.82104
  1  3 22  2   0.78905
  1  3 23  2   0.75163
  1  3 24  2   0.70855
  1  3 25  2   0.65991
  1  3 26  2   0.60620
  1  3 27  2   0.54838
  1  3 28  2   0.48785
  1  3 29  2   0.42640
  1  3 30  2   0.36598
  1  3 31  2   0.30852
  1  3 32  2   0.25565
  1  3 33  2   0.20854
  1  3 34  2   0.16781
  1  3 35  2   0.13353
  1  3 36  2   0.10533
  1  3 37  2   0.08259
  2  3  1  2   0.91262
  2  3  2  2   0.91803
  2  3  3  2   0.92206
  2  3  4  2   0.92483
  2  3  5  2   0.92647
  2  3  6  2   0.92704
  2  3  7  2   0.92657
  2  3  8  2   0.92505
  2  3  9  2   0.92245
  2  3 10  2   0.91869
  2  3 11  2   0.91363
  2  3 12  2   0.90714
  2  3 13  2   0.89899
  2  3 14  2   0.88893
  2  3 15  2   0.87665
  2  3 16  2   0.86180
  2  3 17  2   0.84396
  2  3 18  2   0.82270
  2  3 19  2   0.79756
  2  3 20  2   0.76810
  2  3 21  2   0.73397
  2  3 22  2   0.69494
  2  3 23  2   0.65100
  2  3 24  2   0.60242
  2  3 25  2   0.54984
  2  3 26  2   0.49425
  2  3 27  2   0.43701
  2  3 28  2   0.37973
  2  3 29  2   0.32412
  2  3 30  2   0.27179
  2  3 31  2   0.22408
  2  3 32  2   0.18190
  2  3 33  2   0.14568
  2  3 34  2   0.11537
  2  3 35  2   0.09059
  2  3 36  2   0.07072
  2  3 37  2   0.05502
  1  1  1  3   0.98346
  1  1  2  3   0.97980
  1  1  3  3   0.97536
  1  1  4  3   0.97006
  1  1  5  3   0.96384
  1  1  6  3   0.95667
  1  1  7  3   0.94853
  1  1  8  3   0.93940
  1  1  9  3   0.92930
  1  1 10  3   0.91826
  1  1 11  3   0.90630
  1  1 12  3   0.89348
  1  1 13  3   0.87982
  1  1 14  3   0.86538
  1  1 15  3   0.85019
  1  1 16  3   0.83431
  1  1 17  3   0.81779
  1  1 18  3   0.80067
  1  1 19  3   0.78302
  1  1 20  3   0.76491
  1  1 21  3   0.74643
  1  1 22  3   0.72771
  1  1 23  3   0.70887
  1  1 24  3   0.69009
  1  1 25  3   0.67155
  1  1 26  3   0.65345
  1  1 27  3   0.63601
  1  1 28  3   0.61942
  1  1 29  3   0.60387
  1  1 30  3   0.58949
  1  1 31  3   0.57638
  1  1 32  3   0.56461
  1  1 33  3   0.55417
  1  1 34  3   0.54504
  1  1 35  3   0.53715
  1  1 36  3   0.53042
  1  1 37  3   0.52477
  2  1  1  3   0.94317
  2  1  2  3   0.93257
  2  1  3  3   0.92040
  2  1  4  3   0.90667
  2  1  5  3   0.89142
  2  1  6  3   0.87472
  2  1  7  3   0.85667
  2  1  8  3   0.83741
  2  1  9  3   0.81708
  2  1 10  3   0.79582
  2  1 11  3   0.77378
  2  1 12  3   0.75111
  2  1 13  3   0.72795
  2  1 14  3   0.70445
  2  1 15  3   0.68075
  2  1 16  3   0.65698
  2  1 17  3   0.63329
  2  1 18  3   0.60983
  2  1 19  3   0.58677
  2  1 20  3   0.56427
  2  1 21  3   0.54252
  2  1 22  3   0.52170
  2  1 23  3   0.50200
  2  1 24  3   0.48361
  2  1 25  3   0.46669
  2  1 26  3   0.45138
  2  1 27  3   0.43778
  2  1 28  3   0.42597
  2  1 29  3   0.41594
  2  1 30  3   0.40768
  2  1 31  3   0.40110
  2  1 32  3   0.39610
  2  1 33  3   0.39256
  2  1 34  3   0.39032
  2  1 35  3   0.38925
  2  1 36  3   0.38919
  2  1 37  3   0.39000
  1  2  1  3   0.96763
  1  2  2  3   0.96721
  1  2  3  3   0.96644
  1  2  4  3   0.96529
  1  2  5  3   0.96375
  1  2  6  3   0.96178
  1  2  7  3   0.95933
  1  2  8  3   0.95635
  1  2  9  3   0.95277
  1  2 10  3   0.94849
  1  2 11  3   0.94341
  1  2 12  3   0.93739
  1  2 13  3   0.93029
  1  2 14  3   0.92194
  1  2 15  3   0.91212
  1  2 16  3   0.90061
  1  2 17  3   0.88714
  1  2 18  3   0.87145
  1  2 19  3   0.85322
  1  2 20  3   0.83216
  1  2 21  3   0.80799
  1  2 22  3   0.78044
  1  2 23  3   0.74934
  1  2 24  3   0.71459
  1  2 25  3   0.67624
  1  2 26  3   0.63450
  1  2 27  3   0.58978
  1  2 28  3   0.54267
  1  2 29  3   0.49395
  1  2 30  3   0.44457
  1  2 31  3   0.39552
  1  2 32  3   0.34784
  1  2 33  3   0.30247
  1  2 34  3   0.26022
  1  2 35  3   0.22167
  1  2 36  3   0.18719
  1  2 37  3   0.15692
  2  2  1  3   0.88426
  2  2  2  3   0.88304
  2  2  3  3   0.88089
  2  2  4  3   0.87777
  2  2  5  3   0.87366
  2  2  6  3   0.86849
  2  2  7  3   0.86220
  2  2  8  3   0.85470
  2  2  9  3   0.84589
  2  2 10  3   0.83563
  2  2 11  3   0.82381
  2  2 12  3   0.81026
  2  2 13  3   0.79482
  2  2 14  3   0.77733
  2  2 15  3   0.75762
  2  2 16  3   0.73553
  2  2 17  3   0.71091
  2  2 18  3   0.68366
  2  2 19  3   0.65373
  2  2 20  3   0.62113
  2  2 21  3   0.58596
  2  2 22  3   0.54843
  2  2 23  3   0.50886
  2  2 24  3   0.46769
  2  2 25  3   0.42551
  2  2 26  3   0.38297
  2  2 27  3   0.34080
  2  2 28  3   0.29976
  2  2 29  3   0.26058
  2  2 30  3   0.22390
  2  2 31  3   0.19023
  2  2 32  3   0.15994
  2  2 33  3   0.13320
  2  2 34  3   0.11002
  2  2 35  3   0.09028
  2  2 36  3   0.07373
  2  2 37  3   0.06004
  1  3  1  3   0.95071
  1  3  2  3   0.95419
  1  3  3  3   0.95675
  1  3  4  3   0.95851
  1  3  5  3   0.95953
  1  3  6  3   0.95989
  1  3  7  3   0.95960
  1  3  8  3   0.95866
  1  3  9  3   0.95703
  1  3 10  3   0.95467
  1  3 11  3   0.95147
  1  3 12  3   0.94731
  1  3 13  3   0.94203
  1  3 14  3   0.93540
  1  3 15  3   0.92716
  1  3 16  3   0.91698
  1  3 17  3   0.90447
  1  3 18  3   0.88916
  1  3 19  3   0.87053
  1  3 20  3   0.84802
  1  3 21  3   0.82104
  1  3 22  3   0.78905
  1  3 23  3   0.75163
  1  3 24  3   0.70855
  1  3 25  3   0.65991
  1  3 26  3   0.60620
  1  3 27  3   0.54838
  1  3 28  3   0.48785
  1  3 29  3   0.42640
  1  3 30  3   0.36598
  1  3 31  3   0.30852
  1  3 32  3   0.25565
  1  3 33  3   0.20854
  1  3 34  3   0.16781
  1  3 35  3   0.13353
  1  3 36  3   0.10533
  1  3 37  3   0.08259
  2  3  1  3   0.91262
  2  3  2  3   0.91803
  2  3  3  3   0.92206
  2  3  4  3   0.92483
  2  3  5  3   0.92647
  2  3  6  3   0.92704
  2  3  7  3   0.92657
  2  3  8  3   0.92505
  2  3  9  3   0.92245
  2  3 10  3   0.91869
  2  3 11  3   0.91363
  2  3 12  3   0.90714
  2  3 13  3   0.89899
  2  3 14  3   0.88893
  2  3 15  3   0.87665
  2  3 16  3   0.86180
  2  3 17  3   0.84396
  2  3 18  3   0.82270
  2  3 19  3   0.79756
  2  3 20  3   0.76810
  2  3 21  3   0.73397
  2  3 22  3   0.69494
  2  3 23  3   0.65100
  2  3 24  3   0.60242
  2  3 25  3   0.54984
  2  3 26  3   0.49425
  2  3 27  3   0.43701
  2  3 28  3   0.37973
  2  3 29  3   0.32412
  2  3 30  3   0.27179
  2  3 31  3   0.22408
  2  3 32  3   0.18190
  2  3 33  3   0.14568
  2  3 34  3   0.11537
  2  3 35  3   0.09059
  2  3 36  3   0.07072
  2  3 37  3   0.05502
  1  1  1  4   0.96928
  1  1  2  4   0.96298
  1  1  3  4   0.95549
  1  1  4  4   0.94675
  1  1  5  4   0.93670
  1  1  6  4   0.92535
  1  1  7  4   0.91271
  1  1  8  4   0.89882
  1  1  9  4   0.88375
  1  1 10  4   0.86758
  1  1 11  4   0.85040
  1  1 12  4   0.83232
  1  1 13  4   0.81343
  1  1 14  4   0.79386
  1  1 15  4   0.77371
  1  1 16  4   0.75309
  1  1 17  4   0.73212
  1  1 18  4   0.71093
  1  1 19  4   0.68966
  1  1 20  4   0.66846
  1  1 21  4   0.64748
  1  1 22  4   0.62691
  1  1 23  4   0.60693
  1  1 24  4   0.58774
  1  1 25  4   0.56953
  1  1 26  4   0.55247
  1  1 27  4   0.53671
  1  1 28  4   0.52238
  1  1 29  4   0.50955
  1  1 30  4   0.49826
  1  1 31  4   0.48851
  1  1 32  4   0.48023
  1  1 33  4   0.47336
  1  1 34  4   0.46778
  1  1 35  4   0.46340
  1  1 36  4   0.46008
  1  1 37  4   0.45772
  2  1  1  4   0.90581
  2  1  2  4   0.89002
  2  1  3  4   0.87232
  2  1  4  4   0.85281
  2  1  5  4   0.83163
  2  1  6  4   0.80897
  2  1  7  4   0.78502
  2  1  8  4   0.76002
  2  1  9  4   0.73419
  2  1 10  4   0.70776
  2  1 11  4   0.68093
  2  1 12  4   0.65392
  2  1 13  4   0.62692
  2  1 14  4   0.60011
  2  1 15  4   0.57367
  2  1 16  4   0.54777
  2  1 17  4   0.52258
  2  1 18  4   0.49826
  2  1 19  4   0.47499
  2  1 20  4   0.45293
  2  1 21  4   0.43223
  2  1 22  4   0.41306
  2  1 23  4   0.39555
  2  1 24  4   0.37981
  2  1 25  4   0.36592
  2  1 26  4   0.35394
  2  1 27  4   0.34387
  2  1 28  4   0.33569
  2  1 29  4   0.32933
  2  1 30  4   0.32469
  2  1 31  4   0.32167
  2  1 32  4   0.32010
  2  1 33  4   0.31986
  2  1 34  4   0.32078
  2  1 35  4   0.32273
  2  1 36  4   0.32555
  2  1 37  4   0.32911
  1  2  1  4   0.95433
  1  2  2  4   0.95377
  1  2  3  4   0.95274
  1  2  4  4   0.95122
  1  2  5  4   0.94917
  1  2  6  4   0.94656
  1  2  7  4   0.94333
  1  2  8  4   0.93941
  1  2  9  4   0.93472
  1  2 10  4   0.92916
  1  2 11  4   0.92259
  1  2 12  4   0.91488
  1  2 13  4   0.90585
  1  2 14  4   0.89533
  1  2 15  4   0.88309
  1  2 16  4   0.86890
  1  2 17  4   0.85251
  1  2 18  4   0.83366
  1  2 19  4   0.81209
  1  2 20  4   0.78755
  1  2 21  4   0.75984
  1  2 22  4   0.72882
  1  2 23  4   0.69444
  1  2 24  4   0.65677
  1  2 25  4   0.61602
  1  2 26  4   0.57260
  1  2 27  4   0.52704
  1  2 28  4   0.48008
  1  2 29  4   0.43255
  1  2 30  4   0.38538
  1  2 31  4   0.33950
  1  2 32  4   0.29578
  1  2 33  4   0.25497
  1  2 34  4   0.21762
  1  2 35  4   0.18411
  1  2 36  4   0.15458
  1  2 37  4   0.12900
  2  2  1  4   0.84984
  2  2  2  4   0.84837
  2  2  3  4   0.84578
  2  2  4  4   0.84204
  2  2  5  4   0.83713
  2  2  6  4   0.83097
  2  2  7  4   0.82351
  2  2  8  4   0.81465
  2  2  9  4   0.80430
  2  2 10  4   0.79234
  2  2 11  4   0.77864
  2  2 12  4   0.76307
  2  2 13  4   0.74550
  2  2 14  4   0.72578
  2  2 15  4   0.70380
  2  2 16  4   0.67946
  2  2 17  4   0.65267
  2  2 18  4   0.62343
  2  2 19  4   0.59178
  2  2 20  4   0.55783
  2  2 21  4   0.52180
  2  2 22  4   0.48401
  2  2 23  4   0.44486
  2  2 24  4   0.40488
  2  2 25  4   0.36466
  2  2 26  4   0.32487
  2  2 27  4   0.28616
  2  2 28  4   0.24920
  2  2 29  4   0.21456
  2  2 30  4   0.18270
  2  2 31  4   0.15395
  2  2 32  4   0.12849
  2  2 33  4   0.10635
  2  2 34  4   0.08741
  2  2 35  4   0.07147
  2  2 36  4   0.05824
  2  2 37  4   0.04739
  1  3  1  4   0.96374
  1  3  2  4   0.96644
  1  3  3  4   0.96841
  1  3  4  4   0.96974
  1  3  5  4   0.97051
  1  3  6  4   0.97076
  1  3  7  4   0.97051
  1  3  8  4   0.96975
  1  3  9  4   0.96846
  1  3 10  4   0.96659
  1  3 11  4   0.96406
  1  3 12  4   0.96075
  1  3 13  4   0.95653
  1  3 14  4   0.95120
  1  3 15  4   0.94452
  1  3 16  4   0.93620
  1  3 17  4   0.92586
  1  3 18  4   0.91307
  1  3 19  4   0.89731
  1  3 20  4   0.87801
  1  3 21  4   0.85453
  1  3 22  4   0.82626
  1  3 23  4   0.79264
  1  3 24  4   0.75326
  1  3 25  4   0.70795
  1  3 26  4   0.65695
  1  3 27  4   0.60093
  1  3 28  4   0.54105
  1  3 29  4   0.47895
  1  3 30  4   0.41655
  1  3 31  4   0.35591
  1  3 32  4   0.29890
  1  3 33  4   0.24702
  1  3 34  4   0.20125
  1  3 35  4   0.16197
  1  3 36  4   0.12909
  1  3 37  4   0.10212
  2  3  1  4   0.93319
  2  3  2  4   0.93760
  2  3  3  4   0.94084
  2  3  4  4   0.94306
  2  3  5  4   0.94435
  2  3  6  4   0.94477
  2  3  7  4   0.94436
  2  3  8  4   0.94309
  2  3  9  4   0.94094
  2  3 10  4   0.93784
  2  3 11  4   0.93367
  2  3 12  4   0.92829
  2  3 13  4   0.92150
  2  3 14  4   0.91308
  2  3 15  4   0.90272
  2  3 16  4   0.89007
  2  3 17  4   0.87472
  2  3 18  4   0.85623
  2  3 19  4   0.83410
  2  3 20  4   0.80783
  2  3 21  4   0.77695
  2  3 22  4   0.74110
  2  3 23  4   0.70007
  2  3 24  4   0.65392
  2  3 25  4   0.60304
  2  3 26  4   0.54823
  2  3 27  4   0.49065
  2  3 28  4   0.43184
  2  3 29  4   0.37354
  2  3 30  4   0.31751
  2  3 31  4   0.26533
  2  3 32  4   0.21822
  2  3 33  4   0.17695
  2  3 34  4   0.14174
  2  3 35  4   0.11243
  2  3 36  4   0.08854
  2  3 37  4   0.06938
  1  1  1  5   0.96413
  1  1  2  5   0.95635
  1  1  3  5   0.94720
  1  1  4  5   0.93663
  1  1  5  5   0.92465
  1  1  6  5   0.91128
  1  1  7  5   0.89659
  1  1  8  5   0.88067
  1  1  9  5   0.86362
  1  1 10  5   0.84557
  1  1 11  5   0.82664
  1  1 12  5   0.80695
  1  1 13  5   0.78664
  1  1 14  5   0.76583
  1  1 15  5   0.74462
  1  1 16  5   0.72314
  1  1 17  5   0.70150
  1  1 18  5   0.67981
  1  1 19  5   0.65820
  1  1 20  5   0.63680
  1  1 21  5   0.61576
  1  1 22  5   0.59523
  1  1 23  5   0.57538
  1  1 24  5   0.55639
  1  1 25  5   0.53844
  1  1 26  5   0.52169
  1  1 27  5   0.50629
  1  1 28  5   0.49237
  1  1 29  5   0.48001
  1  1 30  5   0.46925
  1  1 31  5   0.46008
  1  1 32  5   0.45247
  1  1 33  5   0.44631
  1  1 34  5   0.44152
  1  1 35  5   0.43795
  1  1 36  5   0.43547
  1  1 37  5   0.43396
  2  1  1  5   0.89232
  2  1  2  5   0.87401
  2  1  3  5   0.85376
  2  1  4  5   0.83174
  2  1  5  5   0.80817
  2  1  6  5   0.78329
  2  1  7  5   0.75736
  2  1  8  5   0.73062
  2  1  9  5   0.70333
  2  1 10  5   0.67573
  2  1 11  5   0.64801
  2  1 12  5   0.62037
  2  1 13  5   0.59298
  2  1 14  5   0.56601
  2  1 15  5   0.53959
  2  1 16  5   0.51386
  2  1 17  5   0.48896
  2  1 18  5   0.46504
  2  1 19  5   0.44221
  2  1 20  5   0.42062
  2  1 21  5   0.40042
  2  1 22  5   0.38173
  2  1 23  5   0.36467
  2  1 24  5   0.34937
  2  1 25  5   0.33590
  2  1 26  5   0.32431
  2  1 27  5   0.31464
  2  1 28  5   0.30687
  2  1 29  5   0.30094
  2  1 30  5   0.29676
  2  1 31  5   0.29423
  2  1 32  5   0.29320
  2  1 33  5   0.29354
  2  1 34  5   0.29509
  2  1 35  5   0.29770
  2  1 36  5   0.30123
  2  1 37  5   0.30554
  1  2  1  5   0.97113
  1  2  2  5   0.97070
  1  2  3  5   0.96995
  1  2  4  5   0.96886
  1  2  5  5   0.96740
  1  2  6  5   0.96555
  1  2  7  5   0.96326
  1  2  8  5   0.96048
  1  2  9  5   0.95713
  1  2 10  5   0.95314
  1  2 11  5   0.94839
  1  2 12  5   0.94277
  1  2 13  5   0.93612
  1  2 14  5   0.92829
  1  2 15  5   0.91907
  1  2 16  5   0.90823
  1  2 17  5   0.89553
  1  2 18  5   0.88068
  1  2 19  5   0.86339
  1  2 20  5   0.84334
  1  2 21  5   0.82025
  1  2 22  5   0.79382
  1  2 23  5   0.76386
  1  2 24  5   0.73023
  1  2 25  5   0.69292
  1  2 26  5   0.65211
  1  2 27  5   0.60811
  1  2 28  5   0.56149
  1  2 29  5   0.51298
  1  2 30  5   0.46347
  1  2 31  5   0.41396
  1  2 32  5   0.36551
  1  2 33  5   0.31908
  1  2 34  5   0.27555
  1  2 35  5   0.23557
  1  2 36  5   0.19960
  1  2 37  5   0.16783
  2  2  1  5   0.89378
  2  2  2  5   0.89255
  2  2  3  5   0.89043
  2  2  4  5   0.88741
  2  2  5  5   0.88345
  2  2  6  5   0.87850
  2  2  7  5   0.87247
  2  2  8  5   0.86530
  2  2  9  5   0.85686
  2  2 10  5   0.84705
  2  2 11  5   0.83573
  2  2 12  5   0.82274
  2  2 13  5   0.80792
  2  2 14  5   0.79110
  2  2 15  5   0.77211
  2  2 16  5   0.75076
  2  2 17  5   0.72692
  2  2 18  5   0.70045
  2  2 19  5   0.67126
  2  2 20  5   0.63936
  2  2 21  5   0.60480
  2  2 22  5   0.56775
  2  2 23  5   0.52850
  2  2 24  5   0.48745
  2  2 25  5   0.44515
  2  2 26  5   0.40224
  2  2 27  5   0.35943
  2  2 28  5   0.31750
  2  2 29  5   0.27720
  2  2 30  5   0.23921
  2  2 31  5   0.20410
  2  2 32  5   0.17229
  2  2 33  5   0.14403
  2  2 34  5   0.11939
  2  2 35  5   0.09827
  2  2 36  5   0.08046
  2  2 37  5   0.06567
  1  3  1  5   0.96973
  1  3  2  5   0.97193
  1  3  3  5   0.97350
  1  3  4  5   0.97455
  1  3  5  5   0.97512
  1  3  6  5   0.97525
  1  3  7  5   0.97496
  1  3  8  5   0.97424
  1  3  9  5   0.97307
  1  3 10  5   0.97140
  1  3 11  5   0.96916
  1  3 12  5   0.96624
  1  3 13  5   0.96253
  1  3 14  5   0.95784
  1  3 15  5   0.95196
  1  3 16  5   0.94461
  1  3 17  5   0.93545
  1  3 18  5   0.92407
  1  3 19  5   0.90996
  1  3 20  5   0.89257
  1  3 21  5   0.87125
  1  3 22  5   0.84533
  1  3 23  5   0.81419
  1  3 24  5   0.77729
  1  3 25  5   0.73430
  1  3 26  5   0.68523
  1  3 27  5   0.63056
  1  3 28  5   0.57124
  1  3 29  5   0.50877
  1  3 30  5   0.44505
  1  3 31  5   0.38222
  1  3 32  5   0.32235
  1  3 33  5   0.26720
  1  3 34  5   0.21804
  1  3 35  5   0.17550
  1  3 36  5   0.13966
  1  3 37  5   0.11015
  2  3  1  5   0.94317
  2  3  2  5   0.94688
  2  3  3  5   0.94957
  2  3  4  5   0.95137
  2  3  5  5   0.95238
  2  3  6  5   0.95263
  2  3  7  5   0.95216
  2  3  8  5   0.95095
  2  3  9  5   0.94898
  2  3 10  5   0.94616
  2  3 11  5   0.94241
  2  3 12  5   0.93759
  2  3 13  5   0.93151
  2  3 14  5   0.92396
  2  3 15  5   0.91465
  2  3 16  5   0.90325
  2  3 17  5   0.88936
  2  3 18  5   0.87254
  2  3 19  5   0.85227
  2  3 20  5   0.82802
  2  3 21  5   0.79928
  2  3 22  5   0.76558
  2  3 23  5   0.72660
  2  3 24  5   0.68224
  2  3 25  5   0.63270
  2  3 26  5   0.57860
  2  3 27  5   0.52097
  2  3 28  5   0.46126
  2  3 29  5   0.40122
  2  3 30  5   0.34272
  2  3 31  5   0.28753
  2  3 32  5   0.23714
  2  3 33  5   0.19253
  2  3 34  5   0.15418
  2  3 35  5   0.12207
  2  3 36  5   0.09577
  2  3 37  5   0.07464
