  1  1  1       0.0       0.8       4.2
  1  1  2       0.0       0.8       4.5
  1  1  3       0.0       0.9       5.0
  1  1  4       0.0       1.1       5.7
  1  1  5       0.0       1.3       6.8
  1  1  6       0.0       1.6       8.1
  1  1  7       0.0       2.1       9.9
  1  1  8       0.0       2.8      12.3
  1  1  9       0.0       3.7      15.3
  1  1 10       0.0       4.9      19.1
  1  1 11       0.0       6.4      23.8
  1  1 12       0.0       8.3      29.6
  1  1 13       0.0      10.6      36.6
  1  1 14       1.6      13.2      44.9
  1  1 15       2.3      16.1      54.4
  1  1 16       3.1      19.4      65.2
  1  1 17       4.0      22.8      77.0
  1  1 18       4.8      26.2      89.7
  1  1 19       5.7      29.6     102.7
  1  1 20       6.4      32.8     115.8
  1  1 21       7.0      35.6     128.2
  1  1 22       7.5      38.0     139.5
  1  1 23       7.8      39.7     149.0
  1  1 24       7.9      40.7     156.0
  1  1 25       7.9      41.0     160.0
  1  1 26       7.6      40.4     160.5
  1  1 27       7.1      38.9     156.9
  1  1 28       6.4      36.5     149.1
  1  1 29       5.5      33.2     137.1
  1  1 30       4.5      29.1     121.3
  1  1 31       3.4      24.4     102.3
  1  1 32       2.3      19.2      81.4
  1  1 33       1.2      13.8      60.2
  1  1 34       0.0       8.7      40.8
  1  1 35       0.0       4.5      24.7
  1  1 36       0.0       1.5      13.0
  1  1 37       0.0       0.0       5.6
  1  2  1       0.0       0.0       0.7
  1  2  2       0.0       0.0       1.0
  1  2  3       0.0       0.0       1.3
  1  2  4       0.0       0.0       1.9
  1  2  5       0.0       0.0       2.8
  1  2  6       0.0       0.0       4.2
  1  2  7       0.0       0.0       6.3
  1  2  8       0.0       1.1       9.4
  1  2  9       0.0       2.2      13.8
  1  2 10       0.0       4.1      20.0
  1  2 11       0.0       6.9      28.4
  1  2 12       0.0      11.0      39.5
  1  2 13       0.0      16.3      53.6
  1  2 14       3.2      23.0      71.1
  1  2 15       5.5      30.9      92.0
  1  2 16       8.5      40.1     116.1
  1  2 17      12.1      50.1     143.0
  1  2 18      15.9      60.8     171.7
  1  2 19      20.0      71.6     201.6
  1  2 20      24.0      82.4     231.4
  1  2 21      27.9      92.7     260.1
  1  2 22      31.5     102.2     286.7
  1  2 23      34.8     110.7     310.1
  1  2 24      37.7     117.9     329.6
  1  2 25      40.0     123.6     344.4
  1  2 26      41.8     127.6     353.8
  1  2 27      43.1     129.9     357.5
  1  2 28      43.7     130.3     355.2
  1  2 29      43.7     128.7     346.8
  1  2 30      43.0     125.3     332.5
  1  2 31      41.5     119.9     312.4
  1  2 32      39.4     112.6     287.2
  1  2 33      36.4     103.5     257.4
  1  2 34      32.5      92.6     223.9
  1  2 35      27.5      80.0     187.9
  1  2 36      21.5      66.0     150.7
  1  2 37      14.4      50.9     114.5
  1  3  1       0.0       0.0       0.8
  1  3  2       0.0       0.0       0.8
  1  3  3       0.0       0.0       0.9
  1  3  4       0.0       0.1       1.1
  1  3  5       0.0       0.1       1.4
  1  3  6       0.0       0.1       1.9
  1  3  7       0.0       0.2       2.6
  1  3  8       0.0       0.3       3.5
  1  3  9       0.0       0.6       4.8
  1  3 10       0.0       0.9       6.6
  1  3 11       0.0       1.4       9.0
  1  3 12       0.0       2.2      12.2
  1  3 13       0.0       3.3      16.3
  1  3 14       0.0       4.8      21.5
  1  3 15       0.0       6.6      27.9
  1  3 16       0.8       8.8      35.5
  1  3 17       1.2      11.4      44.2
  1  3 18       1.8      14.3      53.9
  1  3 19       2.5      17.5      64.4
  1  3 20       3.3      20.7      75.2
  1  3 21       4.1      23.9      85.9
  1  3 22       4.8      26.9      96.0
  1  3 23       5.5      29.6     104.9
  1  3 24       6.1      31.9     112.0
  1  3 25       6.6      33.6     116.8
  1  3 26       6.8      34.5     118.9
  1  3 27       6.8      34.5     117.9
  1  3 28       6.6      33.7     113.6
  1  3 29       6.0      31.8     106.1
  1  3 30       5.2      29.0      95.5
  1  3 31       4.0      25.2      82.5
  1  3 32       2.7      20.6      67.8
  1  3 33       0.0      15.5      52.6
  1  3 34       0.0      10.3      38.1
  1  3 35       0.0       5.4      25.3
  1  3 36       0.0       0.0      15.1
  1  3 37       0.0       0.0       7.7
  2  1  1       0.0       0.8       6.3
  2  1  2       0.0       1.0       7.2
  2  1  3       0.0       1.2       8.5
  2  1  4       0.0       1.6      10.4
  2  1  5       0.0       2.2      13.2
  2  1  6       0.0       3.1      17.0
  2  1  7       0.0       4.5      22.2
  2  1  8       0.0       6.4      29.1
  2  1  9       0.0       9.2      38.4
  2  1 10       0.0      12.8      50.4
  2  1 11       1.8      17.6      65.7
  2  1 12       3.0      23.6      84.9
  2  1 13       4.7      30.9     108.3
  2  1 14       6.9      39.5     136.1
  2  1 15       9.5      49.3     168.2
  2  1 16      12.5      60.1     204.5
  2  1 17      15.7      71.7     244.2
  2  1 18      19.1      83.6     286.5
  2  1 19      22.4      95.7     330.1
  2  1 20      25.6     107.4     373.9
  2  1 21      28.6     118.4     416.2
  2  1 22      31.3     128.5     455.7
  2  1 23      33.6     137.2     490.8
  2  1 24      35.4     144.3     519.9
  2  1 25      36.7     149.5     541.7
  2  1 26      37.4     152.7     555.0
  2  1 27      37.6     153.5     558.6
  2  1 28      37.2     152.0     551.7
  2  1 29      36.2     148.0     534.0
  2  1 30      34.5     141.4     505.2
  2  1 31      32.1     132.3     465.7
  2  1 32      29.0     120.5     416.4
  2  1 33      25.1     106.3     358.8
  2  1 34      20.4      89.8     295.2
  2  1 35      14.8      71.4     229.2
  2  1 36       8.9      52.1     165.4
  2  1 37       0.0      33.2     108.8
  2  2  1       0.0       6.0      21.4
  2  2  2       0.0       7.6      25.6
  2  2  3       0.0       9.8      31.2
  2  2  4       0.0      13.0      38.6
  2  2  5       0.0      17.3      48.4
  2  2  6       0.0      23.2      61.0
  2  2  7       0.0      31.0      77.0
  2  2  8       0.0      40.8      96.8
  2  2  9      13.3      53.0     121.2
  2  2 10      19.7      67.7     150.4
  2  2 11      27.6      84.8     184.7
  2  2 12      36.9     104.1     224.0
  2  2 13      47.4     125.5     268.0
  2  2 14      58.7     148.5     316.1
  2  2 15      70.5     172.5     367.4
  2  2 16      82.4     197.0     420.8
  2  2 17      94.1     221.4     475.1
  2  2 18     105.3     245.1     528.8
  2  2 19     115.7     267.5     580.8
  2  2 20     125.1     288.2     629.5
  2  2 21     133.3     306.6     673.8
  2  2 22     140.1     322.2     712.4
  2  2 23     145.5     334.8     744.2
  2  2 24     149.3     344.0     768.2
  2  2 25     151.6     349.5     783.5
  2  2 26     152.2     351.4     789.6
  2  2 27     151.4     349.4     785.9
  2  2 28     149.0     343.6     772.5
  2  2 29     145.2     334.2     749.4
  2  2 30     140.1     321.3     717.1
  2  2 31     133.7     305.2     676.3
  2  2 32     126.2     286.2     627.9
  2  2 33     117.5     264.7     573.1
  2  2 34     107.8     240.9     513.1
  2  2 35      97.0     215.2     449.1
  2  2 36      84.9     187.7     382.4
  2  2 37      71.3     158.6     314.5
  2  3  1       0.0       0.2       2.2
  2  3  2       0.0       0.2       2.5
  2  3  3       0.0       0.2       3.0
  2  3  4       0.0       0.3       3.8
  2  3  5       0.0       0.5       4.9
  2  3  6       0.0       0.7       6.6
  2  3  7       0.0       1.2       8.9
  2  3  8       0.0       1.9      12.2
  2  3  9       0.0       3.0      16.7
  2  3 10       0.0       4.7      22.7
  2  3 11       0.0       7.1      30.7
  2  3 12       0.0      10.3      41.2
  2  3 13       0.0      14.4      54.4
  2  3 14       2.2      19.5      70.7
  2  3 15       3.6      25.7      90.3
  2  3 16       5.3      32.7     113.1
  2  3 17       7.3      40.6     139.0
  2  3 18       9.6      49.0     167.4
  2  3 19      12.0      57.7     197.5
  2  3 20      14.4      66.4     228.4
  2  3 21      16.7      74.8     258.9
  2  3 22      18.8      82.5     287.9
  2  3 23      20.6      89.4     314.0
  2  3 24      22.1      95.1     336.1
  2  3 25      23.3      99.4     352.8
  2  3 26      23.9     102.1     363.1
  2  3 27      24.2     103.0     366.2
  2  3 28      23.9     102.0     361.4
  2  3 29      23.0      98.9     348.1
  2  3 30      21.6      93.8     326.5
  2  3 31      19.6      86.5     297.0
  2  3 32      17.0      77.2     260.3
  2  3 33      13.7      65.9     218.4
  2  3 34       9.9      53.1     173.4
  2  3 35       5.8      39.4     128.7
  2  3 36       0.0      25.8      88.0
  2  3 37       0.0      13.5      54.3
  3  1  1       0.0       3.7      19.8
  3  1  2       0.0       4.5      23.1
  3  1  3       0.0       5.8      27.8
  3  1  4       0.0       7.7      34.4
  3  1  5       0.0      10.5      43.5
  3  1  6       0.0      14.4      55.6
  3  1  7       0.0      19.9      71.6
  3  1  8       0.0      27.2      92.5
  3  1  9       4.9      36.8     119.1
  3  1 10       7.9      48.8     152.7
  3  1 11      12.1      63.6     193.8
  3  1 12      17.5      81.1     243.3
  3  1 13      23.9     101.2     301.3
  3  1 14      31.2     123.5     367.6
  3  1 15      39.1     147.7     441.4
  3  1 16      47.3     173.0     521.4
  3  1 17      55.6     198.9     606.0
  3  1 18      63.6     224.5     693.1
  3  1 19      71.0     249.3     780.5
  3  1 20      77.8     272.5     865.8
  3  1 21      83.6     293.5     946.5
  3  1 22      88.4     311.8    1020.2
  3  1 23      92.1     326.9    1084.5
  3  1 24      94.7     338.3    1137.1
  3  1 25      96.1     345.9    1175.9
  3  1 26      96.4     349.3    1199.1
  3  1 27      95.5     348.5    1205.1
  3  1 28      93.6     343.4    1193.0
  3  1 29      90.7     334.0    1162.3
  3  1 30      86.9     320.5    1113.0
  3  1 31      82.1     302.9    1045.7
  3  1 32      76.4     281.6     961.6
  3  1 33      69.7     256.7     862.6
  3  1 34      62.0     228.4     750.9
  3  1 35      53.1     196.9     629.7
  3  1 36      42.8     162.6     503.1
  3  1 37      31.2     126.0     377.2
  3  2  1       0.0      16.3      49.4
  3  2  2       0.0      21.4      61.1
  3  2  3       0.0      28.6      76.6
  3  2  4       0.0      38.4      97.1
  3  2  5       0.0      51.5     123.6
  3  2  6      16.6      68.6     157.4
  3  2  7      25.7      90.3     199.8
  3  2  8      37.9     117.1     251.9
  3  2  9      53.4     149.2     314.6
  3  2 10      72.0     186.7     388.4
  3  2 11      93.5     229.2     473.3
  3  2 12     117.4     276.3     568.7
  3  2 13     143.1     327.1     673.5
  3  2 14     170.0     380.9     786.2
  3  2 15     197.4     436.5     905.0
  3  2 16     224.9     493.1    1027.7
  3  2 17     251.7     549.4    1152.1
  3  2 18     277.3     604.5    1276.1
  3  2 19     301.3     657.2    1397.0
  3  2 20     323.2     706.6    1512.6
  3  2 21     342.7     751.5    1620.1
  3  2 22     359.2     791.0    1717.0
  3  2 23     372.7     824.1    1800.6
  3  2 24     382.8     850.1    1868.5
  3  2 25     389.4     868.2    1918.2
  3  2 26     392.5     878.0    1948.0
  3  2 27     392.0     879.1    1956.3
  3  2 28     388.1     871.4    1942.2
  3  2 29     381.0     855.1    1905.6
  3  2 30     370.8     830.5    1847.0
  3  2 31     357.8     798.2    1767.7
  3  2 32     342.2     759.1    1669.7
  3  2 33     324.5     713.9    1555.8
  3  2 34     304.9     663.7    1429.0
  3  2 35     283.7     609.6    1292.5
  3  2 36     260.9     552.5    1149.8
  3  2 37     236.7     493.3    1003.9
  3  3  1       0.0       2.3      11.8
  3  3  2       0.0       2.8      13.6
  3  3  3       0.0       3.5      16.3
  3  3  4       0.0       4.5      20.1
  3  3  5       0.0       6.0      25.3
  3  3  6       0.0       8.2      32.2
  3  3  7       0.0      11.4      41.6
  3  3  8       0.0      15.7      53.9
  3  3  9       0.0      21.6      70.0
  3  3 10       0.0      29.2      90.6
  3  3 11       5.8      38.9     116.7
  3  3 12       9.1      50.8     149.1
  3  3 13      13.3      65.1     188.5
  3  3 14      18.5      81.7     235.5
  3  3 15      24.5     100.5     290.1
  3  3 16      31.1     121.2     352.1
  3  3 17      38.0     143.3     420.9
  3  3 18      45.1     166.2     495.3
  3  3 19      52.1     189.5     573.8
  3  3 20      58.7     212.3     654.4
  3  3 21      64.7     234.1     734.9
  3  3 22      69.9     254.3     812.8
  3  3 23      74.3     272.1     885.4
  3  3 24      77.6     287.0     949.9
  3  3 25      79.9     298.5    1003.4
  3  3 26      81.0     306.1    1043.0
  3  3 27      80.9     309.3    1066.1
  3  3 28      79.5     307.9    1070.3
  3  3 29      77.0     301.6    1053.6
  3  3 30      73.1     290.1    1014.4
  3  3 31      67.9     273.3     952.3
  3  3 32      61.3     251.0     867.4
  3  3 33      53.1     223.3     761.6
  3  3 34      43.3     190.4     638.6
  3  3 35      31.9     153.1     504.8
  3  3 36      19.6     113.0     370.0
  3  3 37       0.0      73.1     246.3
