  1  1  1  1        6430.75    0.2510
  1  1  1  2        7224.97    0.2710
  1  1  1  3        8023.17    0.2910
  1  1  1  4        8809.43    0.3110
  1  1  1  5        9567.51    0.3310
  1  1  1  6       10281.49    0.3510
  1  1  1  7       10936.44    0.3710
  1  1  1  8       11519.04    0.3910
  1  1  1  9       12018.03    0.4110
  1  1  1 10       12424.66    0.4310
  1  1  1 11       12732.87    0.4510
  1  1  1 12       12939.47    0.4710
  1  1  1 13       13044.01    0.4910
  1  1  1 14       13048.72    0.5110
  1  1  1 15       12958.16    0.5310
  1  1  1 16       12778.93    0.5510
  1  1  1 17       12519.25    0.5710
  1  1  1 18       12188.55    0.5910
  1  1  1 19       11797.03    0.6110
  1  1  1 20       11355.25    0.6310
  1  1  1 21       10873.80    0.6510
  1  1  1 22       10362.95    0.6710
  1  1  1 23        9832.42    0.6910
  1  1  1 24        9291.14    0.7110
  1  1  1 25        8747.14    0.7310
  1  1  1 26        8207.45    0.7510
  1  1  1 27        7678.09    0.7710
  1  1  1 28        7164.03    0.7910
  1  1  1 29        6669.27    0.8110
  1  1  1 30        6196.87    0.8310
  1  1  1 31        5749.06    0.8510
  1  1  1 32        5327.32    0.8710
  1  1  1 33        4932.48    0.8910
  1  1  1 34        4564.81    0.9110
  1  1  1 35        4224.14    0.9310
  1  1  1 36        3909.93    0.9510
  1  1  1 37        3621.36    0.9710
  2  1  1  1        5818.78    0.2510
  2  1  1  2        6537.42    0.2710
  2  1  1  3        7259.66    0.2910
  2  1  1  4        7971.10    0.3110
  2  1  1  5        8657.04    0.3310
  2  1  1  6        9303.07    0.3510
  2  1  1  7        9895.70    0.3710
  2  1  1  8       10422.86    0.3910
  2  1  1  9       10874.37    0.4110
  2  1  1 10       11242.30    0.4310
  2  1  1 11       11521.18    0.4510
  2  1  1 12       11708.11    0.4710
  2  1  1 13       11802.71    0.4910
  2  1  1 14       11806.97    0.5110
  2  1  1 15       11725.03    0.5310
  2  1  1 16       11562.85    0.5510
  2  1  1 17       11327.89    0.5710
  2  1  1 18       11028.66    0.5910
  2  1  1 19       10674.39    0.6110
  2  1  1 20       10274.65    0.6310
  2  1  1 21        9839.02    0.6510
  2  1  1 22        9376.79    0.6710
  2  1  1 23        8896.74    0.6910
  2  1  1 24        8406.97    0.7110
  2  1  1 25        7914.74    0.7310
  2  1  1 26        7426.41    0.7510
  2  1  1 27        6947.42    0.7710
  2  1  1 28        6482.29    0.7910
  2  1  1 29        6034.61    0.8110
  2  1  1 30        5607.16    0.8310
  2  1  1 31        5201.97    0.8510
  2  1  1 32        4820.36    0.8710
  2  1  1 33        4463.09    0.8910
  2  1  1 34        4130.41    0.9110
  2  1  1 35        3822.16    0.9310
  2  1  1 36        3537.85    0.9510
  2  1  1 37        3276.74    0.9710
  3  1  1  1        5265.05    0.2510
  3  1  1  2        5915.30    0.2710
  3  1  1  3        6568.81    0.2910
  3  1  1  4        7212.55    0.3110
  3  1  1  5        7833.21    0.3310
  3  1  1  6        8417.77    0.3510
  3  1  1  7        8954.00    0.3710
  3  1  1  8        9430.99    0.3910
  3  1  1  9        9839.53    0.4110
  3  1  1 10       10172.45    0.4310
  3  1  1 11       10424.80    0.4510
  3  1  1 12       10593.94    0.4710
  3  1  1 13       10679.53    0.4910
  3  1  1 14       10683.39    0.5110
  3  1  1 15       10609.24    0.5310
  3  1  1 16       10462.50    0.5510
  3  1  1 17       10249.90    0.5710
  3  1  1 18        9979.14    0.5910
  3  1  1 19        9658.59    0.6110
  3  1  1 20        9296.89    0.6310
  3  1  1 21        8902.71    0.6510
  3  1  1 22        8484.47    0.6710
  3  1  1 23        8050.11    0.6910
  3  1  1 24        7606.94    0.7110
  3  1  1 25        7161.55    0.7310
  3  1  1 26        6719.69    0.7510
  3  1  1 27        6286.29    0.7710
  3  1  1 28        5865.41    0.7910
  3  1  1 29        5460.34    0.8110
  3  1  1 30        5073.57    0.8310
  3  1  1 31        4706.93    0.8510
  3  1  1 32        4361.64    0.8710
  3  1  1 33        4038.37    0.8910
  3  1  1 34        3737.35    0.9110
  3  1  1 35        3458.43    0.9310
  3  1  1 36        3201.18    0.9510
  3  1  1 37        2964.92    0.9710
  1  2  1  1       17480.58    0.2510
  1  2  1  2       19639.50    0.2710
  1  2  1  3       21809.23    0.2910
  1  2  1  4       23946.51    0.3110
  1  2  1  5       26007.18    0.3310
  1  2  1  6       27947.98    0.3510
  1  2  1  7       29728.33    0.3710
  1  2  1  8       31311.99    0.3910
  1  2  1  9       32668.40    0.4110
  1  2  1 10       33773.72    0.4310
  1  2  1 11       34611.54    0.4510
  1  2  1 12       35173.12    0.4710
  1  2  1 13       35457.30    0.4910
  1  2  1 14       35470.09    0.5110
  1  2  1 15       35223.92    0.5310
  1  2  1 16       34736.73    0.5510
  1  2  1 17       34030.86    0.5710
  1  2  1 18       33131.92    0.5910
  1  2  1 19       32067.64    0.6110
  1  2  1 20       30866.76    0.6310
  1  2  1 21       29558.05    0.6510
  1  2  1 22       28169.43    0.6710
  1  2  1 23       26727.29    0.6910
  1  2  1 24       25255.93    0.7110
  1  2  1 25       23777.18    0.7310
  1  2  1 26       22310.17    0.7510
  1  2  1 27       20871.22    0.7710
  1  2  1 28       19473.86    0.7910
  1  2  1 29       18128.96    0.8110
  1  2  1 30       16844.85    0.8310
  1  2  1 31       15627.57    0.8510
  1  2  1 32       14481.16    0.8710
  1  2  1 33       13407.86    0.8910
  1  2  1 34       12408.43    0.9110
  1  2  1 35       11482.40    0.9310
  1  2  1 36       10628.29    0.9510
  1  2  1 37        9843.88    0.9710
  2  2  1  1       15817.08    0.2510
  2  2  1  2       17770.56    0.2710
  2  2  1  3       19733.80    0.2910
  2  2  1  4       21667.70    0.3110
  2  2  1  5       23532.27    0.3310
  2  2  1  6       25288.38    0.3510
  2  2  1  7       26899.31    0.3710
  2  2  1  8       28332.26    0.3910
  2  2  1  9       29559.59    0.4110
  2  2  1 10       30559.73    0.4310
  2  2  1 11       31317.82    0.4510
  2  2  1 12       31825.95    0.4710
  2  2  1 13       32083.09    0.4910
  2  2  1 14       32094.66    0.5110
  2  2  1 15       31871.92    0.5310
  2  2  1 16       31431.09    0.5510
  2  2  1 17       30792.39    0.5710
  2  2  1 18       29979.00    0.5910
  2  2  1 19       29016.00    0.6110
  2  2  1 20       27929.40    0.6310
  2  2  1 21       26745.23    0.6510
  2  2  1 22       25488.75    0.6710
  2  2  1 23       24183.85    0.6910
  2  2  1 24       22852.51    0.7110
  2  2  1 25       21514.48    0.7310
  2  2  1 26       20187.07    0.7510
  2  2  1 27       18885.06    0.7710
  2  2  1 28       17620.68    0.7910
  2  2  1 29       16403.76    0.8110
  2  2  1 30       15241.85    0.8310
  2  2  1 31       14140.41    0.8510
  2  2  1 32       13103.10    0.8710
  2  2  1 33       12131.93    0.8910
  2  2  1 34       11227.61    0.9110
  2  2  1 35       10389.70    0.9310
  2  2  1 36        9616.87    0.9510
  2  2  1 37        8907.11    0.9710
  3  2  1  1       14311.89    0.2510
  3  2  1  2       16079.46    0.2710
  3  2  1  3       17855.89    0.2910
  3  2  1  4       19605.74    0.3110
  3  2  1  5       21292.88    0.3310
  3  2  1  6       22881.87    0.3510
  3  2  1  7       24339.50    0.3710
  3  2  1  8       25636.09    0.3910
  3  2  1  9       26746.62    0.4110
  3  2  1 10       27651.59    0.4310
  3  2  1 11       28337.53    0.4510
  3  2  1 12       28797.31    0.4710
  3  2  1 13       29029.98    0.4910
  3  2  1 14       29040.45    0.5110
  3  2  1 15       28838.91    0.5310
  3  2  1 16       28440.03    0.5510
  3  2  1 17       27862.11    0.5710
  3  2  1 18       27126.12    0.5910
  3  2  1 19       26254.76    0.6110
  3  2  1 20       25271.57    0.6310
  3  2  1 21       24200.08    0.6510
  3  2  1 22       23063.18    0.6710
  3  2  1 23       21882.45    0.6910
  3  2  1 24       20677.81    0.7110
  3  2  1 25       19467.11    0.7310
  3  2  1 26       18266.02    0.7510
  3  2  1 27       17087.91    0.7710
  3  2  1 28       15943.85    0.7910
  3  2  1 29       14842.74    0.8110
  3  2  1 30       13791.39    0.8310
  3  2  1 31       12794.77    0.8510
  3  2  1 32       11856.17    0.8710
  3  2  1 33       10977.43    0.8910
  3  2  1 34       10159.16    0.9110
  3  2  1 35        9400.99    0.9310
  3  2  1 36        8701.71    0.9510
  3  2  1 37        8059.49    0.9710
  1  3  1  1       47517.14    0.2510
  1  3  1  2       53385.70    0.2710
  1  3  1  3       59283.63    0.2910
  1  3  1  4       65093.36    0.3110
  1  3  1  5       70694.85    0.3310
  1  3  1  6       75970.48    0.3510
  1  3  1  7       80809.98    0.3710
  1  3  1  8       85114.82    0.3910
  1  3  1  9       88801.91    0.4110
  1  3  1 10       91806.50    0.4310
  1  3  1 11       94083.93    0.4510
  1  3  1 12       95610.45    0.4710
  1  3  1 13       96382.93    0.4910
  1  3  1 14       96417.70    0.5110
  1  3  1 15       95748.55    0.5310
  1  3  1 16       94424.22    0.5510
  1  3  1 17       92505.46    0.5710
  1  3  1 18       90061.89    0.5910
  1  3  1 19       87168.88    0.6110
  1  3  1 20       83904.55    0.6310
  1  3  1 21       80347.10    0.6510
  1  3  1 22       76572.45    0.6710
  1  3  1 23       72652.31    0.6910
  1  3  1 24       68652.74    0.7110
  1  3  1 25       64633.08    0.7310
  1  3  1 26       60645.32    0.7510
  1  3  1 27       56733.84    0.7710
  1  3  1 28       52935.45    0.7910
  1  3  1 29       49279.62    0.8110
  1  3  1 30       45789.04    0.8310
  1  3  1 31       42480.15    0.8510
  1  3  1 32       39363.88    0.8710
  1  3  1 33       36446.35    0.8910
  1  3  1 34       33729.62    0.9110
  1  3  1 35       31212.39    0.9310
  1  3  1 36       28890.69    0.9510
  1  3  1 37       26758.45    0.9710
  2  3  1  1       42995.28    0.2510
  2  3  1  2       48305.38    0.2710
  2  3  1  3       53642.04    0.2910
  2  3  1  4       58898.91    0.3110
  2  3  1  5       63967.34    0.3310
  2  3  1  6       68740.93    0.3510
  2  3  1  7       73119.90    0.3710
  2  3  1  8       77015.07    0.3910
  2  3  1  9       80351.29    0.4110
  2  3  1 10       83069.95    0.4310
  2  3  1 11       85130.66    0.4510
  2  3  1 12       86511.91    0.4710
  2  3  1 13       87210.88    0.4910
  2  3  1 14       87242.34    0.5110
  2  3  1 15       86636.87    0.5310
  2  3  1 16       85438.57    0.5510
  2  3  1 17       83702.41    0.5710
  2  3  1 18       81491.37    0.5910
  2  3  1 19       78873.66    0.6110
  2  3  1 20       75919.98    0.6310
  2  3  1 21       72701.07    0.6510
  2  3  1 22       69285.62    0.6710
  2  3  1 23       65738.53    0.6910
  2  3  1 24       62119.57    0.7110
  2  3  1 25       58482.43    0.7310
  2  3  1 26       54874.15    0.7510
  2  3  1 27       51334.91    0.7710
  2  3  1 28       47897.97    0.7910
  2  3  1 29       44590.04    0.8110
  2  3  1 30       41431.63    0.8310
  2  3  1 31       38437.63    0.8510
  2  3  1 32       35617.91    0.8710
  2  3  1 33       32978.02    0.8910
  2  3  1 34       30519.82    0.9110
  2  3  1 35       28242.14    0.9310
  2  3  1 36       26141.37    0.9510
  2  3  1 37       24212.04    0.9710
  3  3  1  1       38903.74    0.2510
  3  3  1  2       43708.51    0.2710
  3  3  1  3       48537.33    0.2910
  3  3  1  4       53293.94    0.3110
  3  3  1  5       57880.04    0.3310
  3  3  1  6       62199.37    0.3510
  3  3  1  7       66161.62    0.3710
  3  3  1  8       69686.12    0.3910
  3  3  1  9       72704.86    0.4110
  3  3  1 10       75164.80    0.4310
  3  3  1 11       77029.40    0.4510
  3  3  1 12       78279.21    0.4710
  3  3  1 13       78911.67    0.4910
  3  3  1 14       78940.14    0.5110
  3  3  1 15       78392.28    0.5310
  3  3  1 16       77308.01    0.5510
  3  3  1 17       75737.07    0.5710
  3  3  1 18       73736.44    0.5910
  3  3  1 19       71367.84    0.6110
  3  3  1 20       68695.24    0.6310
  3  3  1 21       65782.64    0.6510
  3  3  1 22       62692.22    0.6710
  3  3  1 23       59482.68    0.6910
  3  3  1 24       56208.11    0.7110
  3  3  1 25       52917.09    0.7310
  3  3  1 26       49652.19    0.7510
  3  3  1 27       46449.74    0.7710
  3  3  1 28       43339.88    0.7910
  3  3  1 29       40346.74    0.8110
  3  3  1 30       37488.89    0.8310
  3  3  1 31       34779.80    0.8510
  3  3  1 32       32228.42    0.8710
  3  3  1 33       29839.74    0.8910
  3  3  1 34       27615.47    0.9110
  3  3  1 35       25554.54    0.9310
  3  3  1 36       23653.69    0.9510
  3  3  1 37       21907.96    0.9710
  1  1  2  1        6430.75    0.2510
  1  1  2  2        7224.97    0.2710
  1  1  2  3        8023.17    0.2910
  1  1  2  4        8809.43    0.3110
  1  1  2  5        9567.51    0.3310
  1  1  2  6       10281.49    0.3510
  1  1  2  7       10936.44    0.3710
  1  1  2  8       11519.04    0.3910
  1  1  2  9       12018.03    0.4110
  1  1  2 10       12424.66    0.4310
  1  1  2 11       12732.87    0.4510
  1  1  2 12       12939.47    0.4710
  1  1  2 13       13044.01    0.4910
  1  1  2 14       13048.72    0.5110
  1  1  2 15       12958.16    0.5310
  1  1  2 16       12778.93    0.5510
  1  1  2 17       12519.25    0.5710
  1  1  2 18       12188.55    0.5910
  1  1  2 19       11797.03    0.6110
  1  1  2 20       11355.25    0.6310
  1  1  2 21       10873.80    0.6510
  1  1  2 22       10362.95    0.6710
  1  1  2 23        9832.42    0.6910
  1  1  2 24        9291.14    0.7110
  1  1  2 25        8747.14    0.7310
  1  1  2 26        8207.45    0.7510
  1  1  2 27        7678.09    0.7710
  1  1  2 28        7164.03    0.7910
  1  1  2 29        6669.27    0.8110
  1  1  2 30        6196.87    0.8310
  1  1  2 31        5749.06    0.8510
  1  1  2 32        5327.32    0.8710
  1  1  2 33        4932.48    0.8910
  1  1  2 34        4564.81    0.9110
  1  1  2 35        4224.14    0.9310
  1  1  2 36        3909.93    0.9510
  1  1  2 37        3621.36    0.9710
  2  1  2  1        5818.78    0.2510
  2  1  2  2        6537.42    0.2710
  2  1  2  3        7259.66    0.2910
  2  1  2  4        7971.10    0.3110
  2  1  2  5        8657.04    0.3310
  2  1  2  6        9303.07    0.3510
  2  1  2  7        9895.70    0.3710
  2  1  2  8       10422.86    0.3910
  2  1  2  9       10874.37    0.4110
  2  1  2 10       11242.30    0.4310
  2  1  2 11       11521.18    0.4510
  2  1  2 12       11708.11    0.4710
  2  1  2 13       11802.71    0.4910
  2  1  2 14       11806.97    0.5110
  2  1  2 15       11725.03    0.5310
  2  1  2 16       11562.85    0.5510
  2  1  2 17       11327.89    0.5710
  2  1  2 18       11028.66    0.5910
  2  1  2 19       10674.39    0.6110
  2  1  2 20       10274.65    0.6310
  2  1  2 21        9839.02    0.6510
  2  1  2 22        9376.79    0.6710
  2  1  2 23        8896.74    0.6910
  2  1  2 24        8406.97    0.7110
  2  1  2 25        7914.74    0.7310
  2  1  2 26        7426.41    0.7510
  2  1  2 27        6947.42    0.7710
  2  1  2 28        6482.29    0.7910
  2  1  2 29        6034.61    0.8110
  2  1  2 30        5607.16    0.8310
  2  1  2 31        5201.97    0.8510
  2  1  2 32        4820.36    0.8710
  2  1  2 33        4463.09    0.8910
  2  1  2 34        4130.41    0.9110
  2  1  2 35        3822.16    0.9310
  2  1  2 36        3537.85    0.9510
  2  1  2 37        3276.74    0.9710
  3  1  2  1        5265.05    0.2510
  3  1  2  2        5915.30    0.2710
  3  1  2  3        6568.81    0.2910
  3  1  2  4        7212.55    0.3110
  3  1  2  5        7833.21    0.3310
  3  1  2  6        8417.77    0.3510
  3  1  2  7        8954.00    0.3710
  3  1  2  8        9430.99    0.3910
  3  1  2  9        9839.53    0.4110
  3  1  2 10       10172.45    0.4310
  3  1  2 11       10424.80    0.4510
  3  1  2 12       10593.94    0.4710
  3  1  2 13       10679.53    0.4910
  3  1  2 14       10683.39    0.5110
  3  1  2 15       10609.24    0.5310
  3  1  2 16       10462.50    0.5510
  3  1  2 17       10249.90    0.5710
  3  1  2 18        9979.14    0.5910
  3  1  2 19        9658.59    0.6110
  3  1  2 20        9296.89    0.6310
  3  1  2 21        8902.71    0.6510
  3  1  2 22        8484.47    0.6710
  3  1  2 23        8050.11    0.6910
  3  1  2 24        7606.94    0.7110
  3  1  2 25        7161.55    0.7310
  3  1  2 26        6719.69    0.7510
  3  1  2 27        6286.29    0.7710
  3  1  2 28        5865.41    0.7910
  3  1  2 29        5460.34    0.8110
  3  1  2 30        5073.57    0.8310
  3  1  2 31        4706.93    0.8510
  3  1  2 32        4361.64    0.8710
  3  1  2 33        4038.37    0.8910
  3  1  2 34        3737.35    0.9110
  3  1  2 35        3458.43    0.9310
  3  1  2 36        3201.18    0.9510
  3  1  2 37        2964.92    0.9710
  1  2  2  1       17480.58    0.2510
  1  2  2  2       19639.50    0.2710
  1  2  2  3       21809.23    0.2910
  1  2  2  4       23946.51    0.3110
  1  2  2  5       26007.18    0.3310
  1  2  2  6       27947.98    0.3510
  1  2  2  7       29728.33    0.3710
  1  2  2  8       31311.99    0.3910
  1  2  2  9       32668.40    0.4110
  1  2  2 10       33773.72    0.4310
  1  2  2 11       34611.54    0.4510
  1  2  2 12       35173.12    0.4710
  1  2  2 13       35457.30    0.4910
  1  2  2 14       35470.09    0.5110
  1  2  2 15       35223.92    0.5310
  1  2  2 16       34736.73    0.5510
  1  2  2 17       34030.86    0.5710
  1  2  2 18       33131.92    0.5910
  1  2  2 19       32067.64    0.6110
  1  2  2 20       30866.76    0.6310
  1  2  2 21       29558.05    0.6510
  1  2  2 22       28169.43    0.6710
  1  2  2 23       26727.29    0.6910
  1  2  2 24       25255.93    0.7110
  1  2  2 25       23777.18    0.7310
  1  2  2 26       22310.17    0.7510
  1  2  2 27       20871.22    0.7710
  1  2  2 28       19473.86    0.7910
  1  2  2 29       18128.96    0.8110
  1  2  2 30       16844.85    0.8310
  1  2  2 31       15627.57    0.8510
  1  2  2 32       14481.16    0.8710
  1  2  2 33       13407.86    0.8910
  1  2  2 34       12408.43    0.9110
  1  2  2 35       11482.40    0.9310
  1  2  2 36       10628.29    0.9510
  1  2  2 37        9843.88    0.9710
  2  2  2  1       15817.08    0.2510
  2  2  2  2       17770.56    0.2710
  2  2  2  3       19733.80    0.2910
  2  2  2  4       21667.70    0.3110
  2  2  2  5       23532.27    0.3310
  2  2  2  6       25288.38    0.3510
  2  2  2  7       26899.31    0.3710
  2  2  2  8       28332.26    0.3910
  2  2  2  9       29559.59    0.4110
  2  2  2 10       30559.73    0.4310
  2  2  2 11       31317.82    0.4510
  2  2  2 12       31825.95    0.4710
  2  2  2 13       32083.09    0.4910
  2  2  2 14       32094.66    0.5110
  2  2  2 15       31871.92    0.5310
  2  2  2 16       31431.09    0.5510
  2  2  2 17       30792.39    0.5710
  2  2  2 18       29979.00    0.5910
  2  2  2 19       29016.00    0.6110
  2  2  2 20       27929.40    0.6310
  2  2  2 21       26745.23    0.6510
  2  2  2 22       25488.75    0.6710
  2  2  2 23       24183.85    0.6910
  2  2  2 24       22852.51    0.7110
  2  2  2 25       21514.48    0.7310
  2  2  2 26       20187.07    0.7510
  2  2  2 27       18885.06    0.7710
  2  2  2 28       17620.68    0.7910
  2  2  2 29       16403.76    0.8110
  2  2  2 30       15241.85    0.8310
  2  2  2 31       14140.41    0.8510
  2  2  2 32       13103.10    0.8710
  2  2  2 33       12131.93    0.8910
  2  2  2 34       11227.61    0.9110
  2  2  2 35       10389.70    0.9310
  2  2  2 36        9616.87    0.9510
  2  2  2 37        8907.11    0.9710
  3  2  2  1       14311.89    0.2510
  3  2  2  2       16079.46    0.2710
  3  2  2  3       17855.89    0.2910
  3  2  2  4       19605.74    0.3110
  3  2  2  5       21292.88    0.3310
  3  2  2  6       22881.87    0.3510
  3  2  2  7       24339.50    0.3710
  3  2  2  8       25636.09    0.3910
  3  2  2  9       26746.62    0.4110
  3  2  2 10       27651.59    0.4310
  3  2  2 11       28337.53    0.4510
  3  2  2 12       28797.31    0.4710
  3  2  2 13       29029.98    0.4910
  3  2  2 14       29040.45    0.5110
  3  2  2 15       28838.91    0.5310
  3  2  2 16       28440.03    0.5510
  3  2  2 17       27862.11    0.5710
  3  2  2 18       27126.12    0.5910
  3  2  2 19       26254.76    0.6110
  3  2  2 20       25271.57    0.6310
  3  2  2 21       24200.08    0.6510
  3  2  2 22       23063.18    0.6710
  3  2  2 23       21882.45    0.6910
  3  2  2 24       20677.81    0.7110
  3  2  2 25       19467.11    0.7310
  3  2  2 26       18266.02    0.7510
  3  2  2 27       17087.91    0.7710
  3  2  2 28       15943.85    0.7910
  3  2  2 29       14842.74    0.8110
  3  2  2 30       13791.39    0.8310
  3  2  2 31       12794.77    0.8510
  3  2  2 32       11856.17    0.8710
  3  2  2 33       10977.43    0.8910
  3  2  2 34       10159.16    0.9110
  3  2  2 35        9400.99    0.9310
  3  2  2 36        8701.71    0.9510
  3  2  2 37        8059.49    0.9710
  1  3  2  1       47517.14    0.2510
  1  3  2  2       53385.70    0.2710
  1  3  2  3       59283.63    0.2910
  1  3  2  4       65093.36    0.3110
  1  3  2  5       70694.85    0.3310
  1  3  2  6       75970.48    0.3510
  1  3  2  7       80809.98    0.3710
  1  3  2  8       85114.82    0.3910
  1  3  2  9       88801.91    0.4110
  1  3  2 10       91806.50    0.4310
  1  3  2 11       94083.93    0.4510
  1  3  2 12       95610.45    0.4710
  1  3  2 13       96382.93    0.4910
  1  3  2 14       96417.70    0.5110
  1  3  2 15       95748.55    0.5310
  1  3  2 16       94424.22    0.5510
  1  3  2 17       92505.46    0.5710
  1  3  2 18       90061.89    0.5910
  1  3  2 19       87168.88    0.6110
  1  3  2 20       83904.55    0.6310
  1  3  2 21       80347.10    0.6510
  1  3  2 22       76572.45    0.6710
  1  3  2 23       72652.31    0.6910
  1  3  2 24       68652.74    0.7110
  1  3  2 25       64633.08    0.7310
  1  3  2 26       60645.32    0.7510
  1  3  2 27       56733.84    0.7710
  1  3  2 28       52935.45    0.7910
  1  3  2 29       49279.62    0.8110
  1  3  2 30       45789.04    0.8310
  1  3  2 31       42480.15    0.8510
  1  3  2 32       39363.88    0.8710
  1  3  2 33       36446.35    0.8910
  1  3  2 34       33729.62    0.9110
  1  3  2 35       31212.39    0.9310
  1  3  2 36       28890.69    0.9510
  1  3  2 37       26758.45    0.9710
  2  3  2  1       42995.28    0.2510
  2  3  2  2       48305.38    0.2710
  2  3  2  3       53642.04    0.2910
  2  3  2  4       58898.91    0.3110
  2  3  2  5       63967.34    0.3310
  2  3  2  6       68740.93    0.3510
  2  3  2  7       73119.90    0.3710
  2  3  2  8       77015.07    0.3910
  2  3  2  9       80351.29    0.4110
  2  3  2 10       83069.95    0.4310
  2  3  2 11       85130.66    0.4510
  2  3  2 12       86511.91    0.4710
  2  3  2 13       87210.88    0.4910
  2  3  2 14       87242.34    0.5110
  2  3  2 15       86636.87    0.5310
  2  3  2 16       85438.57    0.5510
  2  3  2 17       83702.41    0.5710
  2  3  2 18       81491.37    0.5910
  2  3  2 19       78873.66    0.6110
  2  3  2 20       75919.98    0.6310
  2  3  2 21       72701.07    0.6510
  2  3  2 22       69285.62    0.6710
  2  3  2 23       65738.53    0.6910
  2  3  2 24       62119.57    0.7110
  2  3  2 25       58482.43    0.7310
  2  3  2 26       54874.15    0.7510
  2  3  2 27       51334.91    0.7710
  2  3  2 28       47897.97    0.7910
  2  3  2 29       44590.04    0.8110
  2  3  2 30       41431.63    0.8310
  2  3  2 31       38437.63    0.8510
  2  3  2 32       35617.91    0.8710
  2  3  2 33       32978.02    0.8910
  2  3  2 34       30519.82    0.9110
  2  3  2 35       28242.14    0.9310
  2  3  2 36       26141.37    0.9510
  2  3  2 37       24212.04    0.9710
  3  3  2  1       38903.74    0.2510
  3  3  2  2       43708.51    0.2710
  3  3  2  3       48537.33    0.2910
  3  3  2  4       53293.94    0.3110
  3  3  2  5       57880.04    0.3310
  3  3  2  6       62199.37    0.3510
  3  3  2  7       66161.62    0.3710
  3  3  2  8       69686.12    0.3910
  3  3  2  9       72704.86    0.4110
  3  3  2 10       75164.80    0.4310
  3  3  2 11       77029.40    0.4510
  3  3  2 12       78279.21    0.4710
  3  3  2 13       78911.67    0.4910
  3  3  2 14       78940.14    0.5110
  3  3  2 15       78392.28    0.5310
  3  3  2 16       77308.01    0.5510
  3  3  2 17       75737.07    0.5710
  3  3  2 18       73736.44    0.5910
  3  3  2 19       71367.84    0.6110
  3  3  2 20       68695.24    0.6310
  3  3  2 21       65782.64    0.6510
  3  3  2 22       62692.22    0.6710
  3  3  2 23       59482.68    0.6910
  3  3  2 24       56208.11    0.7110
  3  3  2 25       52917.09    0.7310
  3  3  2 26       49652.19    0.7510
  3  3  2 27       46449.74    0.7710
  3  3  2 28       43339.88    0.7910
  3  3  2 29       40346.74    0.8110
  3  3  2 30       37488.89    0.8310
  3  3  2 31       34779.80    0.8510
  3  3  2 32       32228.42    0.8710
  3  3  2 33       29839.74    0.8910
  3  3  2 34       27615.47    0.9110
  3  3  2 35       25554.54    0.9310
  3  3  2 36       23653.69    0.9510
  3  3  2 37       21907.96    0.9710
  1  1  3  1        6430.75    0.2510
  1  1  3  2        7224.97    0.2710
  1  1  3  3        8023.17    0.2910
  1  1  3  4        8809.43    0.3110
  1  1  3  5        9567.51    0.3310
  1  1  3  6       10281.49    0.3510
  1  1  3  7       10936.44    0.3710
  1  1  3  8       11519.04    0.3910
  1  1  3  9       12018.03    0.4110
  1  1  3 10       12424.66    0.4310
  1  1  3 11       12732.87    0.4510
  1  1  3 12       12939.47    0.4710
  1  1  3 13       13044.01    0.4910
  1  1  3 14       13048.72    0.5110
  1  1  3 15       12958.16    0.5310
  1  1  3 16       12778.93    0.5510
  1  1  3 17       12519.25    0.5710
  1  1  3 18       12188.55    0.5910
  1  1  3 19       11797.03    0.6110
  1  1  3 20       11355.25    0.6310
  1  1  3 21       10873.80    0.6510
  1  1  3 22       10362.95    0.6710
  1  1  3 23        9832.42    0.6910
  1  1  3 24        9291.14    0.7110
  1  1  3 25        8747.14    0.7310
  1  1  3 26        8207.45    0.7510
  1  1  3 27        7678.09    0.7710
  1  1  3 28        7164.03    0.7910
  1  1  3 29        6669.27    0.8110
  1  1  3 30        6196.87    0.8310
  1  1  3 31        5749.06    0.8510
  1  1  3 32        5327.32    0.8710
  1  1  3 33        4932.48    0.8910
  1  1  3 34        4564.81    0.9110
  1  1  3 35        4224.14    0.9310
  1  1  3 36        3909.93    0.9510
  1  1  3 37        3621.36    0.9710
  2  1  3  1        5818.78    0.2510
  2  1  3  2        6537.42    0.2710
  2  1  3  3        7259.66    0.2910
  2  1  3  4        7971.10    0.3110
  2  1  3  5        8657.04    0.3310
  2  1  3  6        9303.07    0.3510
  2  1  3  7        9895.70    0.3710
  2  1  3  8       10422.86    0.3910
  2  1  3  9       10874.37    0.4110
  2  1  3 10       11242.30    0.4310
  2  1  3 11       11521.18    0.4510
  2  1  3 12       11708.11    0.4710
  2  1  3 13       11802.71    0.4910
  2  1  3 14       11806.97    0.5110
  2  1  3 15       11725.03    0.5310
  2  1  3 16       11562.85    0.5510
  2  1  3 17       11327.89    0.5710
  2  1  3 18       11028.66    0.5910
  2  1  3 19       10674.39    0.6110
  2  1  3 20       10274.65    0.6310
  2  1  3 21        9839.02    0.6510
  2  1  3 22        9376.79    0.6710
  2  1  3 23        8896.74    0.6910
  2  1  3 24        8406.97    0.7110
  2  1  3 25        7914.74    0.7310
  2  1  3 26        7426.41    0.7510
  2  1  3 27        6947.42    0.7710
  2  1  3 28        6482.29    0.7910
  2  1  3 29        6034.61    0.8110
  2  1  3 30        5607.16    0.8310
  2  1  3 31        5201.97    0.8510
  2  1  3 32        4820.36    0.8710
  2  1  3 33        4463.09    0.8910
  2  1  3 34        4130.41    0.9110
  2  1  3 35        3822.16    0.9310
  2  1  3 36        3537.85    0.9510
  2  1  3 37        3276.74    0.9710
  3  1  3  1        5265.05    0.2510
  3  1  3  2        5915.30    0.2710
  3  1  3  3        6568.81    0.2910
  3  1  3  4        7212.55    0.3110
  3  1  3  5        7833.21    0.3310
  3  1  3  6        8417.77    0.3510
  3  1  3  7        8954.00    0.3710
  3  1  3  8        9430.99    0.3910
  3  1  3  9        9839.53    0.4110
  3  1  3 10       10172.45    0.4310
  3  1  3 11       10424.80    0.4510
  3  1  3 12       10593.94    0.4710
  3  1  3 13       10679.53    0.4910
  3  1  3 14       10683.39    0.5110
  3  1  3 15       10609.24    0.5310
  3  1  3 16       10462.50    0.5510
  3  1  3 17       10249.90    0.5710
  3  1  3 18        9979.14    0.5910
  3  1  3 19        9658.59    0.6110
  3  1  3 20        9296.89    0.6310
  3  1  3 21        8902.71    0.6510
  3  1  3 22        8484.47    0.6710
  3  1  3 23        8050.11    0.6910
  3  1  3 24        7606.94    0.7110
  3  1  3 25        7161.55    0.7310
  3  1  3 26        6719.69    0.7510
  3  1  3 27        6286.29    0.7710
  3  1  3 28        5865.41    0.7910
  3  1  3 29        5460.34    0.8110
  3  1  3 30        5073.57    0.8310
  3  1  3 31        4706.93    0.8510
  3  1  3 32        4361.64    0.8710
  3  1  3 33        4038.37    0.8910
  3  1  3 34        3737.35    0.9110
  3  1  3 35        3458.43    0.9310
  3  1  3 36        3201.18    0.9510
  3  1  3 37        2964.92    0.9710
  1  2  3  1       17480.58    0.2510
  1  2  3  2       19639.50    0.2710
  1  2  3  3       21809.23    0.2910
  1  2  3  4       23946.51    0.3110
  1  2  3  5       26007.18    0.3310
  1  2  3  6       27947.98    0.3510
  1  2  3  7       29728.33    0.3710
  1  2  3  8       31311.99    0.3910
  1  2  3  9       32668.40    0.4110
  1  2  3 10       33773.72    0.4310
  1  2  3 11       34611.54    0.4510
  1  2  3 12       35173.12    0.4710
  1  2  3 13       35457.30    0.4910
  1  2  3 14       35470.09    0.5110
  1  2  3 15       35223.92    0.5310
  1  2  3 16       34736.73    0.5510
  1  2  3 17       34030.86    0.5710
  1  2  3 18       33131.92    0.5910
  1  2  3 19       32067.64    0.6110
  1  2  3 20       30866.76    0.6310
  1  2  3 21       29558.05    0.6510
  1  2  3 22       28169.43    0.6710
  1  2  3 23       26727.29    0.6910
  1  2  3 24       25255.93    0.7110
  1  2  3 25       23777.18    0.7310
  1  2  3 26       22310.17    0.7510
  1  2  3 27       20871.22    0.7710
  1  2  3 28       19473.86    0.7910
  1  2  3 29       18128.96    0.8110
  1  2  3 30       16844.85    0.8310
  1  2  3 31       15627.57    0.8510
  1  2  3 32       14481.16    0.8710
  1  2  3 33       13407.86    0.8910
  1  2  3 34       12408.43    0.9110
  1  2  3 35       11482.40    0.9310
  1  2  3 36       10628.29    0.9510
  1  2  3 37        9843.88    0.9710
  2  2  3  1       15817.08    0.2510
  2  2  3  2       17770.56    0.2710
  2  2  3  3       19733.80    0.2910
  2  2  3  4       21667.70    0.3110
  2  2  3  5       23532.27    0.3310
  2  2  3  6       25288.38    0.3510
  2  2  3  7       26899.31    0.3710
  2  2  3  8       28332.26    0.3910
  2  2  3  9       29559.59    0.4110
  2  2  3 10       30559.73    0.4310
  2  2  3 11       31317.82    0.4510
  2  2  3 12       31825.95    0.4710
  2  2  3 13       32083.09    0.4910
  2  2  3 14       32094.66    0.5110
  2  2  3 15       31871.92    0.5310
  2  2  3 16       31431.09    0.5510
  2  2  3 17       30792.39    0.5710
  2  2  3 18       29979.00    0.5910
  2  2  3 19       29016.00    0.6110
  2  2  3 20       27929.40    0.6310
  2  2  3 21       26745.23    0.6510
  2  2  3 22       25488.75    0.6710
  2  2  3 23       24183.85    0.6910
  2  2  3 24       22852.51    0.7110
  2  2  3 25       21514.48    0.7310
  2  2  3 26       20187.07    0.7510
  2  2  3 27       18885.06    0.7710
  2  2  3 28       17620.68    0.7910
  2  2  3 29       16403.76    0.8110
  2  2  3 30       15241.85    0.8310
  2  2  3 31       14140.41    0.8510
  2  2  3 32       13103.10    0.8710
  2  2  3 33       12131.93    0.8910
  2  2  3 34       11227.61    0.9110
  2  2  3 35       10389.70    0.9310
  2  2  3 36        9616.87    0.9510
  2  2  3 37        8907.11    0.9710
  3  2  3  1       14311.89    0.2510
  3  2  3  2       16079.46    0.2710
  3  2  3  3       17855.89    0.2910
  3  2  3  4       19605.74    0.3110
  3  2  3  5       21292.88    0.3310
  3  2  3  6       22881.87    0.3510
  3  2  3  7       24339.50    0.3710
  3  2  3  8       25636.09    0.3910
  3  2  3  9       26746.62    0.4110
  3  2  3 10       27651.59    0.4310
  3  2  3 11       28337.53    0.4510
  3  2  3 12       28797.31    0.4710
  3  2  3 13       29029.98    0.4910
  3  2  3 14       29040.45    0.5110
  3  2  3 15       28838.91    0.5310
  3  2  3 16       28440.03    0.5510
  3  2  3 17       27862.11    0.5710
  3  2  3 18       27126.12    0.5910
  3  2  3 19       26254.76    0.6110
  3  2  3 20       25271.57    0.6310
  3  2  3 21       24200.08    0.6510
  3  2  3 22       23063.18    0.6710
  3  2  3 23       21882.45    0.6910
  3  2  3 24       20677.81    0.7110
  3  2  3 25       19467.11    0.7310
  3  2  3 26       18266.02    0.7510
  3  2  3 27       17087.91    0.7710
  3  2  3 28       15943.85    0.7910
  3  2  3 29       14842.74    0.8110
  3  2  3 30       13791.39    0.8310
  3  2  3 31       12794.77    0.8510
  3  2  3 32       11856.17    0.8710
  3  2  3 33       10977.43    0.8910
  3  2  3 34       10159.16    0.9110
  3  2  3 35        9400.99    0.9310
  3  2  3 36        8701.71    0.9510
  3  2  3 37        8059.49    0.9710
  1  3  3  1       47517.14    0.2510
  1  3  3  2       53385.70    0.2710
  1  3  3  3       59283.63    0.2910
  1  3  3  4       65093.36    0.3110
  1  3  3  5       70694.85    0.3310
  1  3  3  6       75970.48    0.3510
  1  3  3  7       80809.98    0.3710
  1  3  3  8       85114.82    0.3910
  1  3  3  9       88801.91    0.4110
  1  3  3 10       91806.50    0.4310
  1  3  3 11       94083.93    0.4510
  1  3  3 12       95610.45    0.4710
  1  3  3 13       96382.93    0.4910
  1  3  3 14       96417.70    0.5110
  1  3  3 15       95748.55    0.5310
  1  3  3 16       94424.22    0.5510
  1  3  3 17       92505.46    0.5710
  1  3  3 18       90061.89    0.5910
  1  3  3 19       87168.88    0.6110
  1  3  3 20       83904.55    0.6310
  1  3  3 21       80347.10    0.6510
  1  3  3 22       76572.45    0.6710
  1  3  3 23       72652.31    0.6910
  1  3  3 24       68652.74    0.7110
  1  3  3 25       64633.08    0.7310
  1  3  3 26       60645.32    0.7510
  1  3  3 27       56733.84    0.7710
  1  3  3 28       52935.45    0.7910
  1  3  3 29       49279.62    0.8110
  1  3  3 30       45789.04    0.8310
  1  3  3 31       42480.15    0.8510
  1  3  3 32       39363.88    0.8710
  1  3  3 33       36446.35    0.8910
  1  3  3 34       33729.62    0.9110
  1  3  3 35       31212.39    0.9310
  1  3  3 36       28890.69    0.9510
  1  3  3 37       26758.45    0.9710
  2  3  3  1       42995.28    0.2510
  2  3  3  2       48305.38    0.2710
  2  3  3  3       53642.04    0.2910
  2  3  3  4       58898.91    0.3110
  2  3  3  5       63967.34    0.3310
  2  3  3  6       68740.93    0.3510
  2  3  3  7       73119.90    0.3710
  2  3  3  8       77015.07    0.3910
  2  3  3  9       80351.29    0.4110
  2  3  3 10       83069.95    0.4310
  2  3  3 11       85130.66    0.4510
  2  3  3 12       86511.91    0.4710
  2  3  3 13       87210.88    0.4910
  2  3  3 14       87242.34    0.5110
  2  3  3 15       86636.87    0.5310
  2  3  3 16       85438.57    0.5510
  2  3  3 17       83702.41    0.5710
  2  3  3 18       81491.37    0.5910
  2  3  3 19       78873.66    0.6110
  2  3  3 20       75919.98    0.6310
  2  3  3 21       72701.07    0.6510
  2  3  3 22       69285.62    0.6710
  2  3  3 23       65738.53    0.6910
  2  3  3 24       62119.57    0.7110
  2  3  3 25       58482.43    0.7310
  2  3  3 26       54874.15    0.7510
  2  3  3 27       51334.91    0.7710
  2  3  3 28       47897.97    0.7910
  2  3  3 29       44590.04    0.8110
  2  3  3 30       41431.63    0.8310
  2  3  3 31       38437.63    0.8510
  2  3  3 32       35617.91    0.8710
  2  3  3 33       32978.02    0.8910
  2  3  3 34       30519.82    0.9110
  2  3  3 35       28242.14    0.9310
  2  3  3 36       26141.37    0.9510
  2  3  3 37       24212.04    0.9710
  3  3  3  1       38903.74    0.2510
  3  3  3  2       43708.51    0.2710
  3  3  3  3       48537.33    0.2910
  3  3  3  4       53293.94    0.3110
  3  3  3  5       57880.04    0.3310
  3  3  3  6       62199.37    0.3510
  3  3  3  7       66161.62    0.3710
  3  3  3  8       69686.12    0.3910
  3  3  3  9       72704.86    0.4110
  3  3  3 10       75164.80    0.4310
  3  3  3 11       77029.40    0.4510
  3  3  3 12       78279.21    0.4710
  3  3  3 13       78911.67    0.4910
  3  3  3 14       78940.14    0.5110
  3  3  3 15       78392.28    0.5310
  3  3  3 16       77308.01    0.5510
  3  3  3 17       75737.07    0.5710
  3  3  3 18       73736.44    0.5910
  3  3  3 19       71367.84    0.6110
  3  3  3 20       68695.24    0.6310
  3  3  3 21       65782.64    0.6510
  3  3  3 22       62692.22    0.6710
  3  3  3 23       59482.68    0.6910
  3  3  3 24       56208.11    0.7110
  3  3  3 25       52917.09    0.7310
  3  3  3 26       49652.19    0.7510
  3  3  3 27       46449.74    0.7710
  3  3  3 28       43339.88    0.7910
  3  3  3 29       40346.74    0.8110
  3  3  3 30       37488.89    0.8310
  3  3  3 31       34779.80    0.8510
  3  3  3 32       32228.42    0.8710
  3  3  3 33       29839.74    0.8910
  3  3  3 34       27615.47    0.9110
  3  3  3 35       25554.54    0.9310
  3  3  3 36       23653.69    0.9510
  3  3  3 37       21907.96    0.9710
  1  1  4  1        6910.30    0.2510
  1  1  4  2        7763.75    0.2710
  1  1  4  3        8621.47    0.2910
  1  1  4  4        9466.37    0.3110
  1  1  4  5       10280.98    0.3310
  1  1  4  6       11048.20    0.3510
  1  1  4  7       11752.00    0.3710
  1  1  4  8       12378.04    0.3910
  1  1  4  9       12914.24    0.4110
  1  1  4 10       13351.19    0.4310
  1  1  4 11       13682.39    0.4510
  1  1  4 12       13904.39    0.4710
  1  1  4 13       14016.73    0.4910
  1  1  4 14       14021.79    0.5110
  1  1  4 15       13924.48    0.5310
  1  1  4 16       13731.88    0.5510
  1  1  4 17       13452.84    0.5710
  1  1  4 18       13097.48    0.5910
  1  1  4 19       12676.76    0.6110
  1  1  4 20       12202.03    0.6310
  1  1  4 21       11684.68    0.6510
  1  1  4 22       11135.74    0.6710
  1  1  4 23       10565.65    0.6910
  1  1  4 24        9984.00    0.7110
  1  1  4 25        9399.43    0.7310
  1  1  4 26        8819.50    0.7510
  1  1  4 27        8250.66    0.7710
  1  1  4 28        7698.27    0.7910
  1  1  4 29        7166.61    0.8110
  1  1  4 30        6658.99    0.8310
  1  1  4 31        6177.78    0.8510
  1  1  4 32        5724.59    0.8710
  1  1  4 33        5300.30    0.8910
  1  1  4 34        4905.22    0.9110
  1  1  4 35        4539.14    0.9310
  1  1  4 36        4201.50    0.9510
  1  1  4 37        3891.42    0.9710
  2  1  4  1        6252.70    0.2510
  2  1  4  2        7024.93    0.2710
  2  1  4  3        7801.03    0.2910
  2  1  4  4        8565.52    0.3110
  2  1  4  5        9302.61    0.3310
  2  1  4  6        9996.82    0.3510
  2  1  4  7       10633.65    0.3710
  2  1  4  8       11200.11    0.3910
  2  1  4  9       11685.29    0.4110
  2  1  4 10       12080.66    0.4310
  2  1  4 11       12380.34    0.4510
  2  1  4 12       12581.21    0.4710
  2  1  4 13       12682.86    0.4910
  2  1  4 14       12687.44    0.5110
  2  1  4 15       12599.39    0.5310
  2  1  4 16       12425.12    0.5510
  2  1  4 17       12172.64    0.5710
  2  1  4 18       11851.09    0.5910
  2  1  4 19       11470.40    0.6110
  2  1  4 20       11040.86    0.6310
  2  1  4 21       10572.74    0.6510
  2  1  4 22       10076.04    0.6710
  2  1  4 23        9560.19    0.6910
  2  1  4 24        9033.90    0.7110
  2  1  4 25        8504.96    0.7310
  2  1  4 26        7980.21    0.7510
  2  1  4 27        7465.51    0.7710
  2  1  4 28        6965.68    0.7910
  2  1  4 29        6484.62    0.8110
  2  1  4 30        6025.30    0.8310
  2  1  4 31        5589.89    0.8510
  2  1  4 32        5179.82    0.8710
  2  1  4 33        4795.91    0.8910
  2  1  4 34        4438.42    0.9110
  2  1  4 35        4107.18    0.9310
  2  1  4 36        3801.68    0.9510
  2  1  4 37        3521.10    0.9710
  3  1  4  1        5657.68    0.2510
  3  1  4  2        6356.42    0.2710
  3  1  4  3        7058.66    0.2910
  3  1  4  4        7750.41    0.3110
  3  1  4  5        8417.35    0.3310
  3  1  4  6        9045.50    0.3510
  3  1  4  7        9621.72    0.3710
  3  1  4  8       10134.28    0.3910
  3  1  4  9       10573.29    0.4110
  3  1  4 10       10931.03    0.4310
  3  1  4 11       11202.20    0.4510
  3  1  4 12       11383.95    0.4710
  3  1  4 13       11475.93    0.4910
  3  1  4 14       11480.07    0.5110
  3  1  4 15       11400.40    0.5310
  3  1  4 16       11242.71    0.5510
  3  1  4 17       11014.26    0.5710
  3  1  4 18       10723.31    0.5910
  3  1  4 19       10378.85    0.6110
  3  1  4 20        9990.18    0.6310
  3  1  4 21        9566.61    0.6510
  3  1  4 22        9117.18    0.6710
  3  1  4 23        8650.42    0.6910
  3  1  4 24        8174.21    0.7110
  3  1  4 25        7695.60    0.7310
  3  1  4 26        7220.80    0.7510
  3  1  4 27        6755.07    0.7710
  3  1  4 28        6302.81    0.7910
  3  1  4 29        5867.53    0.8110
  3  1  4 30        5451.92    0.8310
  3  1  4 31        5057.94    0.8510
  3  1  4 32        4686.90    0.8710
  3  1  4 33        4339.52    0.8910
  3  1  4 34        4016.05    0.9110
  3  1  4 35        3716.33    0.9310
  3  1  4 36        3439.90    0.9510
  3  1  4 37        3186.02    0.9710
  1  2  4  1       18784.14    0.2510
  1  2  4  2       21104.06    0.2710
  1  2  4  3       23435.59    0.2910
  1  2  4  4       25732.26    0.3110
  1  2  4  5       27946.60    0.3310
  1  2  4  6       30032.12    0.3510
  1  2  4  7       31945.24    0.3710
  1  2  4  8       33647.00    0.3910
  1  2  4  9       35104.55    0.4110
  1  2  4 10       36292.31    0.4310
  1  2  4 11       37192.60    0.4510
  1  2  4 12       37796.06    0.4710
  1  2  4 13       38101.43    0.4910
  1  2  4 14       38115.17    0.5110
  1  2  4 15       37850.65    0.5310
  1  2  4 16       37327.13    0.5510
  1  2  4 17       36568.62    0.5710
  1  2  4 18       35602.64    0.5910
  1  2  4 19       34459.00    0.6110
  1  2  4 20       33168.56    0.6310
  1  2  4 21       31762.26    0.6510
  1  2  4 22       30270.09    0.6710
  1  2  4 23       28720.41    0.6910
  1  2  4 24       27139.32    0.7110
  1  2  4 25       25550.30    0.7310
  1  2  4 26       23973.89    0.7510
  1  2  4 27       22427.63    0.7710
  1  2  4 28       20926.07    0.7910
  1  2  4 29       19480.88    0.8110
  1  2  4 30       18101.00    0.8310
  1  2  4 31       16792.96    0.8510
  1  2  4 32       15561.05    0.8710
  1  2  4 33       14407.72    0.8910
  1  2  4 34       13333.76    0.9110
  1  2  4 35       12338.67    0.9310
  1  2  4 36       11420.87    0.9510
  1  2  4 37       10577.96    0.9710
  2  2  4  1       16996.60    0.2510
  2  2  4  2       19095.75    0.2710
  2  2  4  3       21205.40    0.2910
  2  2  4  4       23283.51    0.3110
  2  2  4  5       25287.12    0.3310
  2  2  4  6       27174.19    0.3510
  2  2  4  7       28905.25    0.3710
  2  2  4  8       30445.06    0.3910
  2  2  4  9       31763.91    0.4110
  2  2  4 10       32838.64    0.4310
  2  2  4 11       33653.26    0.4510
  2  2  4 12       34199.29    0.4710
  2  2  4 13       34475.60    0.4910
  2  2  4 14       34488.04    0.5110
  2  2  4 15       34248.68    0.5310
  2  2  4 16       33774.98    0.5510
  2  2  4 17       33088.65    0.5710
  2  2  4 18       32214.60    0.5910
  2  2  4 19       31179.79    0.6110
  2  2  4 20       30012.16    0.6310
  2  2  4 21       28739.68    0.6510
  2  2  4 22       27389.51    0.6710
  2  2  4 23       25987.30    0.6910
  2  2  4 24       24556.67    0.7110
  2  2  4 25       23118.87    0.7310
  2  2  4 26       21692.47    0.7510
  2  2  4 27       20293.36    0.7710
  2  2  4 28       18934.69    0.7910
  2  2  4 29       17627.03    0.8110
  2  2  4 30       16378.47    0.8310
  2  2  4 31       15194.90    0.8510
  2  2  4 32       14080.22    0.8710
  2  2  4 33       13036.64    0.8910
  2  2  4 34       12064.88    0.9110
  2  2  4 35       11164.49    0.9310
  2  2  4 36       10334.03    0.9510
  2  2  4 37        9571.34    0.9710
  3  2  4  1       15379.16    0.2510
  3  2  4  2       17278.55    0.2710
  3  2  4  3       19187.44    0.2910
  3  2  4  4       21067.79    0.3110
  3  2  4  5       22880.74    0.3310
  3  2  4  6       24588.22    0.3510
  3  2  4  7       26154.55    0.3710
  3  2  4  8       27547.83    0.3910
  3  2  4  9       28741.18    0.4110
  3  2  4 10       29713.63    0.4310
  3  2  4 11       30450.73    0.4510
  3  2  4 12       30944.79    0.4710
  3  2  4 13       31194.81    0.4910
  3  2  4 14       31206.07    0.5110
  3  2  4 15       30989.49    0.5310
  3  2  4 16       30560.87    0.5510
  3  2  4 17       29939.85    0.5710
  3  2  4 18       29148.98    0.5910
  3  2  4 19       28212.64    0.6110
  3  2  4 20       27156.12    0.6310
  3  2  4 21       26004.74    0.6510
  3  2  4 22       24783.05    0.6710
  3  2  4 23       23514.28    0.6910
  3  2  4 24       22219.80    0.7110
  3  2  4 25       20918.81    0.7310
  3  2  4 26       19628.16    0.7510
  3  2  4 27       18362.19    0.7710
  3  2  4 28       17132.82    0.7910
  3  2  4 29       15949.59    0.8110
  3  2  4 30       14819.85    0.8310
  3  2  4 31       13748.91    0.8510
  3  2  4 32       12740.31    0.8710
  3  2  4 33       11796.04    0.8910
  3  2  4 34       10916.76    0.9110
  3  2  4 35       10102.04    0.9310
  3  2  4 36        9350.61    0.9510
  3  2  4 37        8660.50    0.9710
  1  3  4  1       51060.60    0.2510
  1  3  4  2       57366.79    0.2710
  1  3  4  3       63704.54    0.2910
  1  3  4  4       69947.52    0.3110
  1  3  4  5       75966.72    0.3310
  1  3  4  6       81635.77    0.3510
  1  3  4  7       86836.17    0.3710
  1  3  4  8       91462.02    0.3910
  1  3  4  9       95424.07    0.4110
  1  3  4 10       98652.72    0.4310
  1  3  4 11      101099.98    0.4510
  1  3  4 12      102740.34    0.4710
  1  3  4 13      103570.43    0.4910
  1  3  4 14      103607.79    0.5110
  1  3  4 15      102888.74    0.5310
  1  3  4 16      101465.65    0.5510
  1  3  4 17       99403.81    0.5710
  1  3  4 18       96778.02    0.5910
  1  3  4 19       93669.26    0.6110
  1  3  4 20       90161.51    0.6310
  1  3  4 21       86338.77    0.6510
  1  3  4 22       82282.63    0.6710
  1  3  4 23       78070.16    0.6910
  1  3  4 24       73772.33    0.7110
  1  3  4 25       69452.91    0.7310
  1  3  4 26       65167.78    0.7510
  1  3  4 27       60964.62    0.7710
  1  3  4 28       56882.96    0.7910
  1  3  4 29       52954.51    0.8110
  1  3  4 30       49203.63    0.8310
  1  3  4 31       45647.99    0.8510
  1  3  4 32       42299.33    0.8710
  1  3  4 33       39164.23    0.8910
  1  3  4 34       36244.91    0.9110
  1  3  4 35       33539.97    0.9310
  1  3  4 36       31045.13    0.9510
  1  3  4 37       28753.88    0.9710
  2  3  4  1       46201.54    0.2510
  2  3  4  2       51907.62    0.2710
  2  3  4  3       57642.25    0.2910
  2  3  4  4       63291.14    0.3110
  2  3  4  5       68737.53    0.3310
  2  3  4  6       73867.10    0.3510
  2  3  4  7       78572.61    0.3710
  2  3  4  8       82758.26    0.3910
  2  3  4  9       86343.27    0.4110
  2  3  4 10       89264.67    0.4310
  2  3  4 11       91479.04    0.4510
  2  3  4 12       92963.30    0.4710
  2  3  4 13       93714.40    0.4910
  2  3  4 14       93748.20    0.5110
  2  3  4 15       93097.58    0.5310
  2  3  4 16       91809.92    0.5510
  2  3  4 17       89944.28    0.5710
  2  3  4 18       87568.37    0.5910
  2  3  4 19       84755.45    0.6110
  2  3  4 20       81581.50    0.6310
  2  3  4 21       78122.55    0.6510
  2  3  4 22       74452.40    0.6710
  2  3  4 23       70640.80    0.6910
  2  3  4 24       66751.96    0.7110
  2  3  4 25       62843.59    0.7310
  2  3  4 26       58966.24    0.7510
  2  3  4 27       55163.07    0.7710
  2  3  4 28       51469.83    0.7910
  2  3  4 29       47915.23    0.8110
  2  3  4 30       44521.29    0.8310
  2  3  4 31       41304.01    0.8510
  2  3  4 32       38274.02    0.8710
  2  3  4 33       35437.26    0.8910
  2  3  4 34       32795.75    0.9110
  2  3  4 35       30348.22    0.9310
  2  3  4 36       28090.80    0.9510
  2  3  4 37       26017.59    0.9710
  3  3  4  1       41804.88    0.2510
  3  3  4  2       46967.96    0.2710
  3  3  4  3       52156.87    0.2910
  3  3  4  4       57268.19    0.3110
  3  3  4  5       62196.29    0.3310
  3  3  4  6       66837.72    0.3510
  3  3  4  7       71095.44    0.3710
  3  3  4  8       74882.77    0.3910
  3  3  4  9       78126.62    0.4110
  3  3  4 10       80770.01    0.4310
  3  3  4 11       82773.66    0.4510
  3  3  4 12       84116.67    0.4710
  3  3  4 13       84796.29    0.4910
  3  3  4 14       84826.88    0.5110
  3  3  4 15       84238.17    0.5310
  3  3  4 16       83073.05    0.5510
  3  3  4 17       81384.95    0.5710
  3  3  4 18       79235.14    0.5910
  3  3  4 19       76689.91    0.6110
  3  3  4 20       73818.00    0.6310
  3  3  4 21       70688.21    0.6510
  3  3  4 22       67367.32    0.6710
  3  3  4 23       63918.44    0.6910
  3  3  4 24       60399.67    0.7110
  3  3  4 25       56863.23    0.7310
  3  3  4 26       53354.86    0.7510
  3  3  4 27       49913.61    0.7710
  3  3  4 28       46571.83    0.7910
  3  3  4 29       43355.49    0.8110
  3  3  4 30       40284.53    0.8310
  3  3  4 31       37373.41    0.8510
  3  3  4 32       34631.76    0.8710
  3  3  4 33       32064.96    0.8910
  3  3  4 34       29674.82    0.9110
  3  3  4 35       27460.20    0.9310
  3  3  4 36       25417.60    0.9510
  3  3  4 37       23541.69    0.9710
  1  1  5  1        7516.32    0.2510
  1  1  5  2        8444.61    0.2710
  1  1  5  3        9377.56    0.2910
  1  1  5  4       10296.55    0.3110
  1  1  5  5       11182.60    0.3310
  1  1  5  6       12017.10    0.3510
  1  1  5  7       12782.62    0.3710
  1  1  5  8       13463.56    0.3910
  1  1  5  9       14046.79    0.4110
  1  1  5 10       14522.06    0.4310
  1  1  5 11       14882.31    0.4510
  1  1  5 12       15123.78    0.4710
  1  1  5 13       15245.97    0.4910
  1  1  5 14       15251.47    0.5110
  1  1  5 15       15145.62    0.5310
  1  1  5 16       14936.14    0.5510
  1  1  5 17       14632.63    0.5710
  1  1  5 18       14246.10    0.5910
  1  1  5 19       13788.48    0.6110
  1  1  5 20       13272.12    0.6310
  1  1  5 21       12709.40    0.6510
  1  1  5 22       12112.32    0.6710
  1  1  5 23       11492.23    0.6910
  1  1  5 24       10859.57    0.7110
  1  1  5 25       10223.74    0.7310
  1  1  5 26        9592.95    0.7510
  1  1  5 27        8974.23    0.7710
  1  1  5 28        8373.39    0.7910
  1  1  5 29        7795.11    0.8110
  1  1  5 30        7242.97    0.8310
  1  1  5 31        6719.56    0.8510
  1  1  5 32        6226.63    0.8710
  1  1  5 33        5765.13    0.8910
  1  1  5 34        5335.39    0.9110
  1  1  5 35        4937.21    0.9310
  1  1  5 36        4569.96    0.9510
  1  1  5 37        4232.68    0.9710
  2  1  5  1        6801.05    0.2510
  2  1  5  2        7641.00    0.2710
  2  1  5  3        8485.16    0.2910
  2  1  5  4        9316.70    0.3110
  2  1  5  5       10118.43    0.3310
  2  1  5  6       10873.52    0.3510
  2  1  5  7       11566.19    0.3710
  2  1  5  8       12182.34    0.3910
  2  1  5  9       12710.06    0.4110
  2  1  5 10       13140.11    0.4310
  2  1  5 11       13466.07    0.4510
  2  1  5 12       13684.56    0.4710
  2  1  5 13       13795.12    0.4910
  2  1  5 14       13800.10    0.5110
  2  1  5 15       13704.32    0.5310
  2  1  5 16       13514.78    0.5510
  2  1  5 17       13240.15    0.5710
  2  1  5 18       12890.40    0.5910
  2  1  5 19       12476.33    0.6110
  2  1  5 20       12009.11    0.6310
  2  1  5 21       11499.94    0.6510
  2  1  5 22       10959.68    0.6710
  2  1  5 23       10398.60    0.6910
  2  1  5 24        9826.15    0.7110
  2  1  5 25        9250.82    0.7310
  2  1  5 26        8680.06    0.7510
  2  1  5 27        8120.22    0.7710
  2  1  5 28        7576.56    0.7910
  2  1  5 29        7053.31    0.8110
  2  1  5 30        6553.71    0.8310
  2  1  5 31        6080.11    0.8510
  2  1  5 32        5634.08    0.8710
  2  1  5 33        5216.50    0.8910
  2  1  5 34        4827.66    0.9110
  2  1  5 35        4467.38    0.9310
  2  1  5 36        4135.07    0.9510
  2  1  5 37        3829.89    0.9710
  3  1  5  1        6153.84    0.2510
  3  1  5  2        6913.87    0.2710
  3  1  5  3        7677.69    0.2910
  3  1  5  4        8430.10    0.3110
  3  1  5  5        9155.54    0.3310
  3  1  5  6        9838.77    0.3510
  3  1  5  7       10465.52    0.3710
  3  1  5  8       11023.03    0.3910
  3  1  5  9       11500.54    0.4110
  3  1  5 10       11889.66    0.4310
  3  1  5 11       12184.60    0.4510
  3  1  5 12       12382.30    0.4710
  3  1  5 13       12482.34    0.4910
  3  1  5 14       12486.85    0.5110
  3  1  5 15       12400.19    0.5310
  3  1  5 16       12228.68    0.5510
  3  1  5 17       11980.18    0.5710
  3  1  5 18       11663.72    0.5910
  3  1  5 19       11289.05    0.6110
  3  1  5 20       10866.30    0.6310
  3  1  5 21       10405.58    0.6510
  3  1  5 22        9916.73    0.6710
  3  1  5 23        9409.04    0.6910
  3  1  5 24        8891.07    0.7110
  3  1  5 25        8370.49    0.7310
  3  1  5 26        7854.04    0.7510
  3  1  5 27        7347.48    0.7710
  3  1  5 28        6855.55    0.7910
  3  1  5 29        6382.10    0.8110
  3  1  5 30        5930.04    0.8310
  3  1  5 31        5501.51    0.8510
  3  1  5 32        5097.93    0.8710
  3  1  5 33        4720.09    0.8910
  3  1  5 34        4368.25    0.9110
  3  1  5 35        4042.25    0.9310
  3  1  5 36        3741.57    0.9510
  3  1  5 37        3465.43    0.9710
  1  2  5  1       20431.47    0.2510
  1  2  5  2       22954.84    0.2710
  1  2  5  3       25490.84    0.2910
  1  2  5  4       27988.92    0.3110
  1  2  5  5       30397.45    0.3310
  1  2  5  6       32665.87    0.3510
  1  2  5  7       34746.77    0.3710
  1  2  5  8       36597.76    0.3910
  1  2  5  9       38183.14    0.4110
  1  2  5 10       39475.06    0.4310
  1  2  5 11       40454.31    0.4510
  1  2  5 12       41110.69    0.4710
  1  2  5 13       41442.84    0.4910
  1  2  5 14       41457.79    0.5110
  1  2  5 15       41170.07    0.5310
  1  2  5 16       40600.63    0.5510
  1  2  5 17       39775.60    0.5710
  1  2  5 18       38724.91    0.5910
  1  2  5 19       37480.97    0.6110
  1  2  5 20       36077.37    0.6310
  1  2  5 21       34547.74    0.6510
  1  2  5 22       32924.71    0.6710
  1  2  5 23       31239.12    0.6910
  1  2  5 24       29519.38    0.7110
  1  2  5 25       27791.00    0.7310
  1  2  5 26       26076.34    0.7510
  1  2  5 27       24394.48    0.7710
  1  2  5 28       22761.24    0.7910
  1  2  5 29       21189.31    0.8110
  1  2  5 30       19688.42    0.8310
  1  2  5 31       18265.66    0.8510
  1  2  5 32       16925.72    0.8710
  1  2  5 33       15671.24    0.8910
  1  2  5 34       14503.10    0.9110
  1  2  5 35       13420.74    0.9310
  1  2  5 36       12422.45    0.9510
  1  2  5 37       11505.63    0.9710
  2  2  5  1       18487.16    0.2510
  2  2  5  2       20770.40    0.2710
  2  2  5  3       23065.07    0.2910
  2  2  5  4       25325.42    0.3110
  2  2  5  5       27504.75    0.3310
  2  2  5  6       29557.30    0.3510
  2  2  5  7       31440.17    0.3710
  2  2  5  8       33115.03    0.3910
  2  2  5  9       34549.54    0.4110
  2  2  5 10       35718.51    0.4310
  2  2  5 11       36604.57    0.4510
  2  2  5 12       37198.49    0.4710
  2  2  5 13       37499.03    0.4910
  2  2  5 14       37512.56    0.5110
  2  2  5 15       37252.22    0.5310
  2  2  5 16       36736.97    0.5510
  2  2  5 17       35990.45    0.5710
  2  2  5 18       35039.75    0.5910
  2  2  5 19       33914.19    0.6110
  2  2  5 20       32644.16    0.6310
  2  2  5 21       31260.08    0.6510
  2  2  5 22       29791.51    0.6710
  2  2  5 23       28266.32    0.6910
  2  2  5 24       26710.24    0.7110
  2  2  5 25       25146.34    0.7310
  2  2  5 26       23594.85    0.7510
  2  2  5 27       22073.04    0.7710
  2  2  5 28       20595.22    0.7910
  2  2  5 29       19172.88    0.8110
  2  2  5 30       17814.82    0.8310
  2  2  5 31       16527.45    0.8510
  2  2  5 32       15315.03    0.8710
  2  2  5 33       14179.92    0.8910
  2  2  5 34       13122.95    0.9110
  2  2  5 35       12143.59    0.9310
  2  2  5 36       11240.30    0.9510
  2  2  5 37       10410.72    0.9710
  3  2  5  1       16727.87    0.2510
  3  2  5  2       18793.84    0.2710
  3  2  5  3       20870.13    0.2910
  3  2  5  4       22915.39    0.3110
  3  2  5  5       24887.33    0.3310
  3  2  5  6       26744.55    0.3510
  3  2  5  7       28448.25    0.3710
  3  2  5  8       29963.71    0.3910
  3  2  5  9       31261.71    0.4110
  3  2  5 10       32319.44    0.4310
  3  2  5 11       33121.19    0.4510
  3  2  5 12       33658.58    0.4710
  3  2  5 13       33930.53    0.4910
  3  2  5 14       33942.77    0.5110
  3  2  5 15       33707.20    0.5310
  3  2  5 16       33240.99    0.5510
  3  2  5 17       32565.51    0.5710
  3  2  5 18       31705.28    0.5910
  3  2  5 19       30686.82    0.6110
  3  2  5 20       29537.65    0.6310
  3  2  5 21       28285.29    0.6510
  3  2  5 22       26956.47    0.6710
  3  2  5 23       25576.43    0.6910
  3  2  5 24       24168.42    0.7110
  3  2  5 25       22753.35    0.7310
  3  2  5 26       21349.50    0.7510
  3  2  5 27       19972.51    0.7710
  3  2  5 28       18635.33    0.7910
  3  2  5 29       17348.34    0.8110
  3  2  5 30       16119.52    0.8310
  3  2  5 31       14954.66    0.8510
  3  2  5 32       13857.61    0.8710
  3  2  5 33       12830.53    0.8910
  3  2  5 34       11874.13    0.9110
  3  2  5 35       10987.97    0.9310
  3  2  5 36       10170.64    0.9510
  3  2  5 37        9420.01    0.9710
  1  3  5  1       55538.50    0.2510
  1  3  5  2       62397.73    0.2710
  1  3  5  3       69291.29    0.2910
  1  3  5  4       76081.76    0.3110
  1  3  5  5       82628.83    0.3310
  1  3  5  6       88795.04    0.3510
  1  3  5  7       94451.50    0.3710
  1  3  5  8       99483.04    0.3910
  1  3  5  9      103792.55    0.4110
  1  3  5 10      107304.34    0.4310
  1  3  5 11      109966.22    0.4510
  1  3  5 12      111750.43    0.4710
  1  3  5 13      112653.32    0.4910
  1  3  5 14      112693.96    0.5110
  1  3  5 15      111911.85    0.5310
  1  3  5 16      110363.96    0.5510
  1  3  5 17      108121.30    0.5710
  1  3  5 18      105265.23    0.5910
  1  3  5 19      101883.85    0.6110
  1  3  5 20       98068.47    0.6310
  1  3  5 21       93910.48    0.6510
  1  3  5 22       89498.63    0.6710
  1  3  5 23       84916.73    0.6910
  1  3  5 24       80241.99    0.7110
  1  3  5 25       75543.77    0.7310
  1  3  5 26       70882.85    0.7510
  1  3  5 27       66311.08    0.7710
  1  3  5 28       61871.47    0.7910
  1  3  5 29       57598.51    0.8110
  1  3  5 30       53518.68    0.8310
  1  3  5 31       49651.22    0.8510
  1  3  5 32       46008.89    0.8710
  1  3  5 33       42598.85    0.8910
  1  3  5 34       39423.51    0.9110
  1  3  5 35       36481.35    0.9310
  1  3  5 36       33767.72    0.9510
  1  3  5 37       31275.54    0.9710
  2  3  5  1       50253.31    0.2510
  2  3  5  2       56459.80    0.2710
  2  3  5  3       62697.35    0.2910
  2  3  5  4       68841.63    0.3110
  2  3  5  5       74765.66    0.3310
  2  3  5  6       80345.08    0.3510
  2  3  5  7       85463.25    0.3710
  2  3  5  8       90015.97    0.3910
  2  3  5  9       93915.38    0.4110
  2  3  5 10       97092.98    0.4310
  2  3  5 11       99501.55    0.4510
  2  3  5 12      101115.97    0.4710
  2  3  5 13      101932.94    0.4910
  2  3  5 14      101969.71    0.5110
  2  3  5 15      101262.03    0.5310
  2  3  5 16       99861.44    0.5510
  2  3  5 17       97832.19    0.5710
  2  3  5 18       95247.92    0.5910
  2  3  5 19       92188.32    0.6110
  2  3  5 20       88736.02    0.6310
  2  3  5 21       84973.72    0.6510
  2  3  5 22       80981.71    0.6710
  2  3  5 23       76835.84    0.6910
  2  3  5 24       72605.96    0.7110
  2  3  5 25       68354.83    0.7310
  2  3  5 26       64137.45    0.7510
  2  3  5 27       60000.74    0.7710
  2  3  5 28       55983.62    0.7910
  2  3  5 29       52117.28    0.8110
  2  3  5 30       48425.70    0.8310
  2  3  5 31       44926.28    0.8510
  2  3  5 32       41630.56    0.8710
  2  3  5 33       38545.03    0.8910
  2  3  5 34       35671.86    0.9110
  2  3  5 35       33009.69    0.9310
  2  3  5 36       30554.30    0.9510
  2  3  5 37       28299.27    0.9710
  3  3  5  1       45471.08    0.2510
  3  3  5  2       51086.94    0.2710
  3  3  5  3       56730.91    0.2910
  3  3  5  4       62290.48    0.3110
  3  3  5  5       67650.77    0.3310
  3  3  5  6       72699.23    0.3510
  3  3  5  7       77330.35    0.3710
  3  3  5  8       81449.82    0.3910
  3  3  5  9       84978.15    0.4110
  3  3  5 10       87853.36    0.4310
  3  3  5 11       90032.73    0.4510
  3  3  5 12       91493.52    0.4710
  3  3  5 13       92232.74    0.4910
  3  3  5 14       92266.01    0.5110
  3  3  5 15       91625.67    0.5310
  3  3  5 16       90358.37    0.5510
  3  3  5 17       88522.23    0.5710
  3  3  5 18       86183.88    0.5910
  3  3  5 19       83415.44    0.6110
  3  3  5 20       80291.67    0.6310
  3  3  5 21       76887.40    0.6510
  3  3  5 22       73275.28    0.6710
  3  3  5 23       69523.94    0.6910
  3  3  5 24       65696.59    0.7110
  3  3  5 25       61850.01    0.7310
  3  3  5 26       58033.97    0.7510
  3  3  5 27       54290.92    0.7710
  3  3  5 28       50656.08    0.7910
  3  3  5 29       47157.67    0.8110
  3  3  5 30       43817.39    0.8310
  3  3  5 31       40650.98    0.8510
  3  3  5 32       37668.89    0.8710
  3  3  5 33       34876.99    0.8910
  3  3  5 34       32277.24    0.9110
  3  3  5 35       29868.40    0.9310
  3  3  5 36       27646.67    0.9510
  3  3  5 37       25606.24    0.9710
