  1  1  1       37174.61
  1  1  2       36428.80
  1  1  3       36017.41
  1  1  4       35881.29
  1  1  5       35969.15
  1  1  6       36234.10
  1  1  7       36631.01
  1  1  8       37114.43
  1  1  9       37637.27
  1  1 10       38149.91
  1  1 11       38600.02
  1  1 12       38933.10
  1  1 13       39093.69
  1  1 14       39027.35
  1  1 15       38683.43
  1  1 16       38018.33
  1  1 17       36999.17
  1  1 18       35607.42
  1  1 19       33842.10
  1  1 20       31722.03
  1  1 21       29286.70
  1  1 22       26595.25
  1  1 23       23723.62
  1  1 24       20759.62
  1  1 25       17796.65
  1  1 26       14926.44
  1  1 27       12231.85
  1  1 28        9780.58
  1  1 29        7620.65
  1  1 30        5778.21
  1  1 31        4257.82
  1  1 32        3045.04
  1  1 33        2110.71
  1  1 34        1416.16
  1  1 35         918.46
  1  1 36         575.04
  1  1 37         347.09
  2  1  1       35235.30
  2  1  2       33670.54
  2  1  3       32856.86
  2  1  4       32645.19
  2  1  5       32926.32
  2  1  6       33613.34
  2  1  7       34628.84
  2  1  8       35895.14
  2  1  9       37326.59
  2  1 10       38823.93
  2  1 11       40271.02
  2  1 12       41534.73
  2  1 13       42468.72
  2  1 14       42921.97
  2  1 15       42751.97
  2  1 16       41842.00
  2  1 17       40120.09
  2  1 18       37576.65
  2  1 19       34276.34
  2  1 20       30360.21
  2  1 21       26035.28
  2  1 22       21551.66
  2  1 23       17170.13
  2  1 24       13126.66
  2  1 25        9601.44
  2  1 26        6699.37
  2  1 27        4445.90
  2  1 28        2797.87
  2  1 29        1664.76
  2  1 30         933.78
  2  1 31         492.29
  2  1 32         243.21
  2  1 33         112.27
  2  1 34          48.28
  2  1 35          19.28
  2  1 36           7.13
  2  1 37           2.44
  3  1  1       29341.18
  3  1  2       27900.27
  3  1  3       27299.62
  3  1  4       27361.34
  3  1  5       27961.82
  3  1  6       29003.86
  3  1  7       30396.51
  3  1  8       32039.38
  3  1  9       33810.52
  3  1 10       35558.38
  3  1 11       37099.63
  3  1 12       38225.18
  3  1 13       38716.58
  3  1 14       38373.10
  3  1 15       37047.10
  3  1 16       34681.18
  3  1 17       31337.26
  3  1 18       27206.37
  3  1 19       22591.11
  3  1 20       17859.82
  3  1 21       13381.47
  3  1 22        9458.74
  3  1 23        6278.85
  3  1 24        3896.36
  3  1 25        2250.02
  3  1 26        1203.58
  3  1 27         593.66
  3  1 28         268.78
  3  1 29         111.19
  3  1 30          41.84
  3  1 31          14.25
  3  1 32           4.38
  3  1 33           1.21
  3  1 34           0.30
  3  1 35           0.06
  3  1 36           0.01
  3  1 37           0.00
  1  2  1       34686.13
  1  2  2       37403.37
  1  2  3       40135.61
  1  2  4       42833.47
  1  2  5       45440.29
  1  2  6       47893.15
  1  2  7       50124.53
  1  2  8       52064.54
  1  2  9       53643.67
  1  2 10       54796.12
  1  2 11       55463.37
  1  2 12       55597.81
  1  2 13       55166.37
  1  2 14       54153.48
  1  2 15       52563.44
  1  2 16       50421.60
  1  2 17       47774.39
  1  2 18       44687.84
  1  2 19       41244.81
  1  2 20       37540.95
  1  2 21       33679.61
  1  2 22       29766.31
  1  2 23       25902.95
  1  2 24       22182.46
  1  2 25       18684.29
  1  2 26       15471.05
  1  2 27       12586.64
  1  2 28       10055.80
  1  2 29        7885.15
  1  2 30        6065.41
  1  2 31        4574.44
  1  2 32        3380.74
  1  2 33        2447.11
  1  2 34        1733.93
  1  2 35        1202.04
  1  2 36         814.86
  1  2 37         539.88
  2  2  1       34457.99
  2  2  2       37074.43
  2  2  3       39614.60
  2  2  4       42033.62
  2  2  5       44285.69
  2  2  6       46325.46
  2  2  7       48109.42
  2  2  8       49597.40
  2  2  9       50754.05
  2  2 10       51550.13
  2  2 11       51963.78
  2  2 12       51981.40
  2  2 13       51598.35
  2  2 14       50819.32
  2  2 15       49658.26
  2  2 16       48138.01
  2  2 17       46289.58
  2  2 18       44151.07
  2  2 19       41766.35
  2  2 20       39183.54
  2  2 21       36453.32
  2  2 22       33627.23
  2  2 23       30756.03
  2  2 24       27888.10
  2  2 25       25068.11
  2  2 26       22335.87
  2  2 27       19725.45
  2  2 28       17264.66
  2  2 29       14974.81
  2  2 30       12870.65
  2  2 31       10960.76
  2  2 32        9247.95
  2  2 33        7730.01
  2  2 34        6400.42
  2  2 35        5249.23
  2  2 36        4263.88
  2  2 37        3430.07
  3  2  1       32295.68
  3  2  2       34256.69
  3  2  3       36259.14
  3  2  4       38265.67
  3  2  5       40231.79
  3  2  6       42106.21
  3  2  7       43831.66
  3  2  8       45346.46
  3  2  9       46586.59
  3  2 10       47488.55
  3  2 11       47992.78
  3  2 12       48047.45
  3  2 13       47612.47
  3  2 14       46663.30
  3  2 15       45194.24
  3  2 16       43220.72
  3  2 17       40780.33
  3  2 18       37932.17
  3  2 19       34754.53
  3  2 20       31340.81
  3  2 21       27794.11
  3  2 22       24220.74
  3  2 23       20723.47
  3  2 24       17395.10
  3  2 25       14312.93
  3  2 26       11534.97
  3  2 27        9097.84
  3  2 28        7016.87
  3  2 29        5287.86
  3  2 30        3890.42
  3  2 31        2792.16
  3  2 32        1953.27
  3  2 33        1330.79
  3  2 34         882.33
  3  2 35         568.82
  3  2 36         356.27
  3  2 37         216.63
  1  3  1       41276.70
  1  3  2       48913.08
  1  3  3       56670.58
  1  3  4       64268.83
  1  3  5       71425.05
  1  3  6       77876.32
  1  3  7       83399.30
  1  3  8       87825.14
  1  3  9       91048.35
  1  3 10       93029.24
  1  3 11       93790.40
  1  3 12       93408.45
  1  3 13       92002.62
  1  3 14       89721.75
  1  3 15       86731.38
  1  3 16       83201.86
  1  3 17       79298.58
  1  3 18       75174.54
  1  3 19       70965.38
  1  3 20       66786.69
  1  3 21       62733.34
  1  3 22       58880.20
  1  3 23       55284.05
  1  3 24       51986.14
  1  3 25       49015.08
  1  3 26       46389.92
  1  3 27       44123.18
  1  3 28       42223.71
  1  3 29       40699.58
  1  3 30       39560.76
  1  3 31       38822.00
  1  3 32       38505.89
  1  3 33       38646.45
  1  3 34       39293.69
  1  3 35       40519.48
  1  3 36       42425.83
  1  3 37       45156.42
  2  3  1       41647.78
  2  3  2       47684.21
  2  3  3       53873.07
  2  3  4       60049.04
  2  3  5       66023.78
  2  3  6       71594.15
  2  3  7       76552.68
  2  3  8       80699.68
  2  3  9       83856.09
  2  3 10       85875.96
  2  3 11       86657.40
  2  3 12       86150.85
  2  3 13       84363.81
  2  3 14       81361.40
  2  3 15       77262.55
  2  3 16       72232.20
  2  3 17       66470.17
  2  3 18       60197.66
  2  3 19       53642.89
  2  3 20       47027.01
  2  3 21       40551.60
  2  3 22       34388.78
  2  3 23       28674.56
  2  3 24       23505.56
  2  3 25       18939.19
  2  3 26       14996.56
  2  3 27       11667.68
  2  3 28        8917.90
  2  3 29        6694.97
  2  3 30        4935.89
  2  3 31        3573.03
  2  3 32        2539.13
  2  3 33        1771.05
  2  3 34        1212.27
  2  3 35         814.17
  2  3 36         536.41
  2  3 37         346.63
  3  3  1       41495.69
  3  3  2       48233.10
  3  3  3       54910.84
  3  3  4       61292.72
  3  3  5       67152.91
  3  3  6       72292.48
  3  3  7       76552.77
  3  3  8       79824.36
  3  3  9       82051.00
  3  3 10       83228.77
  3  3 11       83401.01
  3  3 12       82650.35
  3  3 13       81088.78
  3  3 14       78847.28
  3  3 15       76065.86
  3  3 16       72884.82
  3  3 17       69437.80
  3  3 18       65846.62
  3  3 19       62218.12
  3  3 20       58642.61
  3  3 21       55193.77
  3  3 22       51929.52
  3  3 23       48893.73
  3  3 24       46118.37
  3  3 25       43625.83
  3  3 26       41431.42
  3  3 27       39545.70
  3  3 28       37976.90
  3  3 29       36733.09
  3  3 30       35824.53
  3  3 31       35265.97
  3  3 32       35079.27
  3  3 33       35296.52
  3  3 34       35963.92
  3  3 35       37146.96
  3  3 36       38937.47
  3  3 37       41463.65
