   8.63938496645078     
   9.12753992545710     
   10.1022767432531     
   8.80686711678608     
   10.1353976277304     
   10.8137137341102     
   7.79935689729827     
   8.75500700599204     
   9.64547251419314     
  0.187196119110252     
  0.207347622311204     
  0.197182285653728     
  0.211242336904303     
  0.193998177223409     
  0.201733958155782     
  0.217887729454307     
  0.210864113593121     
  0.213313341921584     
 -2.883579952036548E-003
 -2.320215838939735E-005
   1.76023126969373     
   2.15643460312041     
   1.77788629904012     
   2.13204532652982     
   1.17454631012789     
  0.988597201407196     
   2.60574820046171     
   2.18731293997531     
   1.60928526107500     
 -0.109949050298228     
 -0.131863171413121     
 -0.121931271075501     
 -0.148968790357893     
 -0.131434859547949     
 -0.126267971276940     
 -0.150607941171163     
 -0.133465227991878     
 -0.114872354480962     
  6.537096436887199E-003
 -1.012971418792405E-004
