   10.0742263710072      -6.181921418234236E-002 -2.399948757294192E-003
 -2.788563886171347E-005 -9.231364356504261E-002   9.75092651668779     
 -0.123704991413921      -5.155509458503634E-003 -6.171257252689222E-005
 -0.124328630250402        8.74494181676057      -0.221343154189850     
 -8.423883005292912E-003 -9.522145340792537E-005 -0.167002838042711     
   10.1621121812939      -7.347475654830619E-002 -2.004315741329408E-003
 -1.102846702182655E-005 -0.105375747794731        10.3338412925577     
 -4.677718463071378E-002 -1.079464893348988E-003 -1.705751131315614E-006
 -7.139921104176637E-002   9.93902237760435      -8.268776930479800E-002
 -2.392084868430951E-003 -1.686327148251523E-005 -0.105392366369049     
   10.9202396996076      -3.122736370185212E-002  1.891290176799203E-004
  2.385828333310841E-005 -3.546264533501513E-002   10.2637656269288     
 -9.510851120578769E-002 -2.131634998933029E-003 -3.701498952512280E-006
 -5.075221475054328E-002   10.7974044530940      -2.975866984454880E-002
  2.250381493576165E-004  2.241166103634450E-005 -2.403989321866064E-002
  0.924835081369146       7.323062256003771E-002  9.296156982875514E-002
