  1  1  1   3179.85
  1  1  2   2974.74
  1  1  3   2877.21
  1  1  4   2891.03
  1  1  5   3025.38
  1  1  6   3296.63
  1  1  7   3730.00
  1  1  8   4360.70
  1  1  9   5234.73
  1  1 10   6408.67
  1  1 11   7948.41
  1  1 12   9926.33
  1  1 13  12416.41
  1  1 14  15487.25
  1  1 15  19192.85
  1  1 16  23561.86
  1  1 17  28586.67
  1  1 18  34213.78
  1  1 19  40337.64
  1  1 20  46798.92
  1  1 21  53388.16
  1  1 22  59854.28
  1  1 23  65917.11
  1  1 24  71282.61
  1  1 25  75659.58
  1  1 26  78776.89
  1  1 27  80400.39
  1  1 28  80349.17
  1  1 29  78510.45
  1  1 30  74852.97
  1  1 31  69438.68
  1  1 32  62433.04
  1  1 33  54113.96
  1  1 34  44878.46
  1  1 35  35241.87
  1  1 36  25817.77
  1  1 37  17260.81
  2  1  1   1301.71
  2  1  2   1588.92
  2  1  3   1961.26
  2  1  4   2434.06
  2  1  5   3024.82
  2  1  6   3753.31
  2  1  7   4641.82
  2  1  8   5715.10
  2  1  9   7000.14
  2  1 10   8525.46
  2  1 11  10319.94
  2  1 12  12411.17
  2  1 13  14823.36
  2  1 14  17574.86
  2  1 15  20675.42
  2  1 16  24123.29
  2  1 17  27902.30
  2  1 18  31979.16
  2  1 19  36301.00
  2  1 20  40793.58
  2  1 21  45360.12
  2  1 22  49881.28
  2  1 23  54216.45
  2  1 24  58206.65
  2  1 25  61679.45
  2  1 26  64456.01
  2  1 27  66360.39
  2  1 28  67231.00
  2  1 29  66933.71
  2  1 30  65376.12
  2  1 31  62521.83
  2  1 32  58403.56
  2  1 33  53133.41
  2  1 34  46908.27
  2  1 35  40007.93
  2  1 36  32782.73
  2  1 37  25627.92
  3  1  1      0.00
  3  1  2      0.00
  3  1  3      0.00
  3  1  4      0.00
  3  1  5      0.00
  3  1  6      0.00
  3  1  7      0.00
  3  1  8      0.00
  3  1  9    464.44
  3  1 10    799.56
  3  1 11   1310.02
  3  1 12   2046.49
  3  1 13   3058.99
  3  1 14   4392.76
  3  1 15   6083.28
  3  1 16   8150.62
  3  1 17  10593.70
  3  1 18  13385.59
  3  1 19  16470.94
  3  1 20  19766.32
  3  1 21  23163.27
  3  1 22  26533.69
  3  1 23  29736.57
  3  1 24  32625.13
  3  1 25  35053.70
  3  1 26  36884.07
  3  1 27  37991.24
  3  1 28  38269.15
  3  1 29  37637.11
  3  1 30  36047.63
  3  1 31  33496.93
  3  1 32  30038.35
  3  1 33  25797.88
  3  1 34  20988.17
  3  1 35  15913.44
  3  1 36  10956.04
  3  1 37   6541.79
  1  2  1   3595.51
  1  2  2   4932.04
  1  2  3   6745.52
  1  2  4   9170.05
  1  2  5  12360.22
  1  2  6  16487.50
  1  2  7  21733.60
  1  2  8  28280.17
  1  2  9  36294.83
  1  2 10  45914.39
  1  2 11  57226.52
  1  2 12  70252.27
  1  2 13  84931.79
  1  2 14 101115.54
  1  2 15 118562.52
  1  2 16 136946.05
  1  2 17 155866.34
  1  2 18 174868.21
  1  2 19 193462.14
  1  2 20 211146.32
  1  2 21 227428.35
  1  2 22 241845.10
  1  2 23 253980.38
  1  2 24 263479.80
  1  2 25 270062.85
  1  2 26 273531.81
  1  2 27 273777.53
  1  2 28 270781.70
  1  2 29 264615.44
  1  2 30 255434.30
  1  2 31 243469.79
  1  2 32 229017.96
  1  2 33 212426.20
  1  2 34 194079.52
  1  2 35 174388.50
  1  2 36 153781.34
  1  2 37 132702.39
  2  2  1   1814.38
  2  2  2   2278.32
  2  2  3   2942.02
  2  2  4   3871.46
  2  2  5   5149.74
  2  2  6   6878.19
  2  2  7   9176.61
  2  2  8  12182.30
  2  2  9  16046.87
  2  2 10  20929.91
  2  2 11  26988.76
  2  2 12  34364.37
  2  2 13  43164.12
  2  2 14  53443.35
  2  2 15  65188.01
  2  2 16  78300.79
  2  2 17  92592.67
  2  2 18 107780.78
  2  2 19 123492.86
  2  2 20 139277.62
  2  2 21 154620.22
  2  2 22 168962.28
  2  2 23 181725.76
  2  2 24 192340.47
  2  2 25 200274.48
  2  2 26 205066.28
  2  2 27 206356.92
  2  2 28 203919.56
  2  2 29 197683.55
  2  2 30 187750.50
  2  2 31 174400.31
  2  2 32 158086.77
  2  2 33 139424.03
  2  2 34 119166.36
  2  2 35  98183.23
  2  2 36  77427.86
  2  2 37  57889.64
  3  2  1    357.57
  3  2  2    438.59
  3  2  3    566.82
  3  2  4    762.83
  3  2  5   1056.02
  3  2  6   1486.42
  3  2  7   2106.15
  3  2  8   2980.39
  3  2  9   4187.70
  3  2 10   5819.52
  3  2 11   7978.67
  3  2 12  10776.13
  3  2 13  14325.61
  3  2 14  18735.57
  3  2 15  24099.02
  3  2 16  30482.06
  3  2 17  37912.86
  3  2 18  46372.49
  3  2 19  55789.26
  3  2 20  66037.06
  3  2 21  76937.70
  3  2 22  88266.49
  3  2 23  99759.95
  3  2 24 111124.53
  3  2 25 122045.52
  3  2 26 132195.94
  3  2 27 141245.17
  3  2 28 148867.72
  3  2 29 154752.24
  3  2 30 158610.88
  3  2 31 160189.15
  3  2 32 159276.23
  3  2 33 155716.05
  3  2 34 149420.14
  3  2 35 140383.96
  3  2 36 128709.76
  3  2 37 114638.94
  1  3  1   9100.54
  1  3  2  15084.08
  1  3  3  23371.73
  1  3  4  34386.68
  1  3  5  48524.78
  1  3  6  66119.60
  1  3  7  87411.28
  1  3  8 112521.87
  1  3  9 141438.15
  1  3 10 174002.79
  1  3 11 209913.60
  1  3 12 248730.47
  1  3 13 289889.15
  1  3 14 332720.75
  1  3 15 376475.73
  1  3 16 420351.11
  1  3 17 463519.41
  1  3 18 505157.95
  1  3 19 544477.20
  1  3 20 580746.81
  1  3 21 613318.43
  1  3 22 641644.23
  1  3 23 665290.75
  1  3 24 683947.57
  1  3 25 697430.97
  1  3 26 705682.61
  1  3 27 708763.86
  1  3 28 706846.20
  1  3 29 700198.59
  1  3 30 689172.50
  1  3 31 674185.31
  1  3 32 655703.04
  1  3 33 634222.98
  1  3 34 610256.91
  1  3 35 584315.64
  1  3 36 556895.21
  1  3 37 528465.28
  2  3  1   3197.55
  2  3  2   5595.16
  2  3  3   8982.97
  2  3  4  13542.39
  2  3  5  19472.13
  2  3  6  26984.56
  2  3  7  36297.19
  2  3  8  47621.57
  2  3  9  61150.80
  2  3 10  77046.40
  2  3 11  95424.58
  2  3 12 116342.67
  2  3 13 139786.15
  2  3 14 165656.95
  2  3 15 193763.78
  2  3 16 223815.29
  2  3 17 255416.81
  2  3 18 288071.34
  2  3 19 321185.60
  2  3 20 354081.49
  2  3 21 386013.35
  2  3 22 416191.17
  2  3 23 443809.18
  2  3 24 468079.15
  2  3 25 488266.74
  2  3 26 503728.91
  2  3 27 513949.62
  2  3 28 518570.75
  2  3 29 517415.31
  2  3 30 510500.07
  2  3 31 498036.26
  2  3 32 480417.97
  2  3 33 458199.41
  2  3 34 432063.59
  2  3 35 402785.70
  2  3 36 371194.30
  2  3 37 338133.28
  3  3  1   1891.36
  3  3  2   2595.11
  3  3  3   3608.08
  3  3  4   5037.85
  3  3  5   7017.65
  3  3  6   9708.85
  3  3  7  13302.86
  3  3  8  18021.31
  3  3  9  24112.92
  3  3 10  31845.33
  3  3 11  41490.90
  3  3 12  53306.92
  3  3 13  67511.50
  3  3 14  84258.07
  3  3 15 103611.27
  3  3 16 125527.28
  3  3 17 149839.98
  3  3 18 176253.55
  3  3 19 204340.56
  3  3 20 233544.62
  3  3 21 263186.84
  3  3 22 292476.29
  3  3 23 320525.57
  3  3 24 346373.00
  3  3 25 369012.73
  3  3 26 387433.44
  3  3 27 400664.69
  3  3 28 407828.94
  3  3 29 408195.82
  3  3 30 401234.80
  3  3 31 386663.59
  3  3 32 364492.28
  3  3 33 335068.35
  3  3 34 299133.24
  3  3 35 257901.81
  3  3 36 213158.77
  3  3 37 167317.08
