  1  1  1        2977.4
  1  1  2        3064.2
  1  1  3        3253.4
  1  1  4        3561.8
  1  1  5        4011.8
  1  1  6        4632.6
  1  1  7        5460.1
  1  1  8        6536.9
  1  1  9        7911.6
  1  1 10        9636.6
  1  1 11       11765.3
  1  1 12       14348.1
  1  1 13       17427.3
  1  1 14       21030.2
  1  1 15       25163.8
  1  1 16       29807.5
  1  1 17       34909.3
  1  1 18       40382.8
  1  1 19       46107.2
  1  1 20       51930.5
  1  1 21       57674.5
  1  1 22       63142.4
  1  1 23       68127.2
  1  1 24       72421.0
  1  1 25       75824.5
  1  1 26       78155.9
  1  1 27       79259.8
  1  1 28       79015.2
  1  1 29       77343.6
  1  1 30       74216.4
  1  1 31       69661.9
  1  1 32       63773.0
  1  1 33       56715.5
  1  1 34       48736.5
  1  1 35       40171.2
  1  1 36       31441.2
  1  1 37       23035.3
  2  1  1           0.0
  2  1  2           0.0
  2  1  3           0.0
  2  1  4         866.1
  2  1  5        1105.2
  2  1  6        1431.6
  2  1  7        1864.5
  2  1  8        2425.0
  2  1  9        3136.1
  2  1 10        4022.1
  2  1 11        5107.9
  2  1 12        6417.7
  2  1 13        7973.5
  2  1 14        9791.4
  2  1 15       11879.1
  2  1 16       14231.8
  2  1 17       16828.8
  2  1 18       19630.4
  2  1 19       22575.6
  2  1 20       25580.3
  2  1 21       28537.8
  2  1 22       31320.0
  2  1 23       33781.0
  2  1 24       35763.1
  2  1 25       37105.6
  2  1 26       37656.7
  2  1 27       37288.5
  2  1 28       35914.6
  2  1 29       33510.2
  2  1 30       30130.7
  2  1 31       25927.4
  2  1 32       21153.5
  2  1 33       16153.1
  2  1 34       11327.0
  2  1 35        7076.6
  2  1 36        3737.1
  2  1 37        1513.7
  3  1  1           0.0
  3  1  2           0.0
  3  1  3           0.0
  3  1  4           0.0
  3  1  5           0.0
  3  1  6           0.0
  3  1  7         315.0
  3  1  8         495.1
  3  1  9         772.2
  3  1 10        1182.9
  3  1 11        1767.5
  3  1 12        2567.6
  3  1 13        3621.9
  3  1 14        4962.9
  3  1 15        6612.0
  3  1 16        8575.3
  3  1 17       10839.8
  3  1 18       13370.5
  3  1 19       16110.0
  3  1 20       18979.9
  3  1 21       21884.6
  3  1 22       24717.0
  3  1 23       27363.8
  3  1 24       29710.7
  3  1 25       31647.4
  3  1 26       33070.9
  3  1 27       33888.2
  3  1 28       34018.6
  3  1 29       33397.4
  3  1 30       31980.8
  3  1 31       29754.3
  3  1 32       26745.2
  3  1 33       23039.5
  3  1 34       18800.3
  3  1 35       14279.3
  3  1 36        9814.1
  3  1 37        5804.3
  1  2  1        3998.7
  1  2  2        5277.7
  1  2  3        6990.7
  1  2  4        9257.3
  1  2  5       12215.0
  1  2  6       16016.9
  1  2  7       20825.4
  1  2  8       26803.9
  1  2  9       34104.8
  1  2 10       42854.4
  1  2 11       53137.2
  1  2 12       64979.3
  1  2 13       78335.6
  1  2 14       93080.8
  1  2 15      109007.9
  1  2 16      125832.2
  1  2 17      143203.3
  1  2 18      160720.4
  1  2 19      177951.8
  1  2 20      194454.4
  1  2 21      209792.1
  1  2 22      223553.3
  1  2 23      235364.3
  1  2 24      244901.7
  1  2 25      251901.3
  1  2 26      256165.0
  1  2 27      257565.2
  1  2 28      256047.2
  1  2 29      251628.3
  1  2 30      244395.3
  1  2 31      234498.7
  1  2 32      222144.9
  1  2 33      207587.5
  1  2 34      191118.1
  1  2 35      173059.2
  1  2 36      153762.0
  1  2 37      133611.3
  2  2  1        1865.2
  2  2  2        2127.5
  2  2  3        2533.2
  2  2  4        3117.5
  2  2  5        3929.4
  2  2  6        5032.4
  2  2  7        6507.1
  2  2  8        8451.8
  2  2  9       10983.4
  2  2 10       14236.0
  2  2 11       18357.0
  2  2 12       23498.8
  2  2 13       29807.3
  2  2 14       37405.2
  2  2 15       46373.0
  2  2 16       56727.2
  2  2 17       68399.1
  2  2 18       81214.9
  2  2 19       94881.2
  2  2 20      108977.4
  2  2 21      122958.0
  2  2 22      136167.6
  2  2 23      147870.7
  2  2 24      157298.1
  2  2 25      163707.5
  2  2 26      166455.9
  2  2 27      165077.0
  2  2 28      159353.1
  2  2 29      149371.1
  2  2 30      135552.5
  2  2 31      118647.5
  2  2 32       99691.6
  2  2 33       79922.6
  2  2 34       60660.7
  2  2 35       43155.9
  2  2 36       28413.3
  2  2 37       17023.5
  3  2  1         609.9
  3  2  2         746.8
  3  2  3         948.9
  3  2  4        1239.4
  3  2  5        1649.8
  3  2  6        2220.5
  3  2  7        3002.3
  3  2  8        4056.8
  3  2  9        5456.9
  3  2 10        7286.5
  3  2 11        9638.3
  3  2 12       12611.0
  3  2 13       16303.1
  3  2 14       20805.5
  3  2 15       26191.4
  3  2 16       32505.4
  3  2 17       39751.7
  3  2 18       47884.7
  3  2 19       56801.0
  3  2 20       66335.2
  3  2 21       76260.8
  3  2 22       86294.2
  3  2 23       96104.5
  3  2 24      105326.3
  3  2 25      113577.1
  3  2 26      120476.9
  3  2 27      125669.9
  3  2 28      128847.4
  3  2 29      129769.6
  3  2 30      128286.2
  3  2 31      124352.3
  3  2 32      118039.5
  3  2 33      109540.5
  3  2 34       99166.9
  3  2 35       87340.2
  3  2 36       74575.9
  3  2 37       61460.3
  1  3  1        6927.8
  1  3  2       11696.1
  1  3  3       18501.1
  1  3  4       27795.3
  1  3  5       40030.9
  1  3  6       55621.7
  1  3  7       74901.0
  1  3  8       98080.8
  1  3  9      125219.4
  1  3 10      156200.5
  1  3 11      190726.2
  1  3 12      228325.9
  1  3 13      268376.4
  1  3 14      310133.9
  1  3 15      352770.9
  1  3 16      395415.9
  1  3 17      437192.6
  1  3 18      477255.8
  1  3 19      514821.8
  1  3 20      549194.0
  1  3 21      579781.4
  1  3 22      606111.5
  1  3 23      627837.6
  1  3 24      644739.9
  1  3 25      656722.7
  1  3 26      663806.9
  1  3 27      666119.6
  1  3 28      663880.7
  1  3 29      657387.7
  1  3 30      646999.6
  1  3 31      633120.7
  1  3 32      616183.8
  1  3 33      596635.6
  1  3 34      574921.8
  1  3 35      551475.3
  1  3 36      526704.8
  1  3 37      500986.0
  2  3  1           0.0
  2  3  2           0.0
  2  3  3        6443.9
  2  3  4       12002.1
  2  3  5       19003.8
  2  3  6       27279.8
  2  3  7       36706.8
  2  3  8       47180.6
  2  3  9       58611.0
  2  3 10       70921.8
  2  3 11       84052.9
  2  3 12       97961.0
  2  3 13      112622.6
  2  3 14      128036.6
  2  3 15      144227.7
  2  3 16      161248.5
  2  3 17      179179.0
  2  3 18      198120.0
  2  3 19      218179.1
  2  3 20      239445.7
  2  3 21      261953.4
  2  3 22      285629.3
  2  3 23      310235.1
  2  3 24      335309.5
  2  3 25      360136.0
  2  3 26      383762.6
  2  3 27      405101.4
  2  3 28      423105.4
  2  3 29      436976.1
  2  3 30      446314.5
  2  3 31      451138.6
  2  3 32      451768.6
  2  3 33      448655.3
  2  3 34      442246.5
  2  3 35      432929.6
  2  3 36      421033.6
  2  3 37      406853.5
  3  3  1        2324.6
  3  3  2        3377.6
  3  3  3        4854.4
  3  3  4        6872.3
  3  3  5        9563.0
  3  3  6       13070.1
  3  3  7       17545.9
  3  3  8       23146.2
  3  3  9       30021.6
  3  3 10       38306.8
  3  3 11       48107.8
  3  3 12       59490.2
  3  3 13       72468.7
  3  3 14       87001.0
  3  3 15      102986.1
  3  3 16      120267.4
  3  3 17      138638.4
  3  3 18      157850.4
  3  3 19      177620.5
  3  3 20      197636.3
  3  3 21      217560.3
  3  3 22      237030.2
  3  3 23      255657.8
  3  3 24      273024.9
  3  3 25      288679.1
  3  3 26      302126.2
  3  3 27      312823.0
  3  3 28      320168.5
  3  3 29      323498.3
  3  3 30      322085.6
  3  3 31      315165.8
  3  3 32      302002.8
  3  3 33      282032.8
  3  3 34      255106.9
  3  3 35      221810.6
  3  3 36      183732.6
  3  3 37      143459.5
