  1  1  1           0.0       20877.2       43682.2       59793.3      119940.4
  1  1  2           0.0       25592.7       52842.8       70799.4      138860.1
  1  1  3        8996.8       31298.3       63806.2       83385.3      159512.5
  1  1  4       11994.9       38087.8       76780.5       97594.9      181834.4
  1  1  5       15722.1       46022.4       91932.5      113414.7      205721.5
  1  1  6       20190.8       55119.2      109362.8      130765.9      231027.9
  1  1  7       25367.0       65341.1      129078.3      149502.6      257566.0
  1  1  8       31173.6       76590.4      150969.6      169414.0      285108.8
  1  1  9       37496.6       88708.7      174796.6      190233.5      313392.9
  1  1 10       44194.6      101483.4      200188.9      211651.6      342123.4
  1  1 11       51109.8      114661.5      226663.1      233332.2      370979.4
  1  1 12       58079.4      127967.5      253656.3      254929.2      399621.4
  1  1 13       64945.9      141122.6      280568.2      276101.5      427698.9
  1  1 14       71565.6      153862.0      306805.3      296525.0      454858.8
  1  1 15       77812.8      165946.5      331816.6      315900.7      480753.5
  1  1 16       83582.2      177168.6      355116.4      333959.0      505050.0
  1  1 17       88787.1      187353.6      376292.8      350461.6      527437.1
  1  1 18       93356.8      196356.1      395003.9      365200.6      547633.5
  1  1 19       97232.1      204053.9      410965.1      377996.7      565393.5
  1  1 20      100360.3      210341.2      423932.2      388696.8      580512.6
  1  1 21      102690.0      215119.8      433680.1      397169.0      592831.0
  1  1 22      104164.5      218289.0      439978.9      403297.1      602236.7
  1  1 23      104712.9      219732.7      442564.7      406970.7      608665.9
  1  1 24      104238.7      219302.0      441104.1      408071.4      612103.4
  1  1 25      102602.6      216792.0      435151.8      406451.1      612580.3
  1  1 26       99599.6      211912.2      424106.9      401899.8      610172.0
  1  1 27       94929.4      204254.8      407189.9      394101.6      604994.0
  1  1 28       88166.0      193276.8      383489.5      382579.6      597197.3
  1  1 29       78746.4      178331.2      352167.4      366643.0      586963.5
  1  1 30       66027.2      158807.6      312909.0      345379.3      574499.1
  1  1 31       49543.2      134426.5      266578.0      317776.3      560029.8
  1  1 32       29893.4      105604.8      215714.5      283096.4      543794.7
  1  1 33           0.0       73629.7      164282.4      241562.7      526040.6
  1  1 34           0.0       40969.1      116435.9      195134.0      507017.1
  1  1 35           0.0           0.0       75013.3      147724.2      486971.3
  1  1 36           0.0           0.0       41562.0      104229.4      466144.2
  1  1 37           0.0           0.0           0.0       68640.2      444766.1
  2  1  1        8689.9       25881.1       50557.5       61211.4      105717.4
  2  1  2       10527.1       31100.8       60697.3       73289.5      126238.6
  2  1  3       12729.4       37013.4       72105.8       86588.1      148342.5
  2  1  4       15385.3       43683.1       84875.7      101046.2      171672.1
  2  1  5       18575.3       51155.7       99076.7      116555.7      195806.9
  2  1  6       22353.1       59438.1      114726.2      132947.3      220284.0
  2  1  7       26727.5       68482.9      131764.2      149983.7      244623.2
  2  1  8       31651.4       78178.7      150032.5      167362.1      268352.1
  2  1  9       37019.2       88347.9      169261.8      184728.0      291030.0
  2  1 10       42674.3       98753.7      189070.5      201696.5      312269.2
  2  1 11       48425.2      109116.6      208980.4      217882.1      331750.7
  2  1 12       54068.1      119139.4      228450.4      232929.5      349235.9
  2  1 13       59409.6      128537.2      246927.7      246544.0      364571.9
  2  1 14       64287.5      137066.7      263905.9      258513.1      377691.8
  2  1 15       68583.9      144548.7      278979.3      268718.5      388611.0
  2  1 16       72230.1      150879.1      291877.3      277135.4      397419.0
  2  1 17       75203.6      156027.5      302475.8      283822.7      404269.6
  2  1 18       77519.4      160026.1      310782.4      288906.1      409369.4
  2  1 19       79217.7      162951.5      316905.8      292558.3      412966.1
  2  1 20       80351.8      164905.8      321015.3      294979.8      415337.6
  2  1 21       80974.9      165996.0      323297.9      296380.1      416781.7
  2  1 22       81128.2      166314.3      323914.4      296960.2      417608.8
  2  1 23       80826.5      165916.7      322952.4      296894.3      418135.5
  2  1 24       80039.1      164795.2      320370.1      296306.5      418681.6
  2  1 25       78662.0      162839.9      315924.3      295237.7      419568.6
  2  1 26       76474.8      159784.9      309083.9      293594.0      421121.4
  2  1 27       73080.5      155143.2      298956.1      291070.5      423672.1
  2  1 28       67840.9      148162.8      284326.5      287056.4      427566.3
  2  1 29       59867.9      137895.9      264007.8      280575.4      433172.7
  2  1 30       48236.0      123513.3      237632.9      270400.6      440895.5
  2  1 31       32779.6      104811.9      206505.0      255514.5      451190.7
  2  1 32           0.0       82469.0      173501.8      235820.5      464587.3
  2  1 33           0.0       57863.8      141716.2      212553.9      481715.0
  2  1 34           0.0       33674.7      113080.9      187940.0      503340.3
  2  1 35           0.0           0.0       88149.5      164346.4      530413.8
  2  1 36           0.0           0.0       66904.3      143501.5      564134.1
  2  1 37           0.0           0.0       49535.6      126256.3      606034.4
  3  1  1        9177.2       29776.7       59830.3       76031.3      140639.8
  3  1  2        8725.8       29535.0       59657.0       76761.2      143728.7
  3  1  3        8803.1       30258.1       61236.6       79131.6      148799.0
  3  1  4        9406.7       31947.9       64558.4       83147.2      155833.4
  3  1  5       10561.2       34635.9       69685.5       88843.5      164857.5
  3  1  6       12310.1       38375.5       76739.4       96275.6      175925.2
  3  1  7       14703.2       43232.0       85881.2      105504.8      189104.3
  3  1  8       17782.4       49270.7       97286.2      116582.6      204461.9
  3  1  9       21569.5       56541.0      111112.8      129533.7      222046.6
  3  1 10       26058.2       65060.5      127464.6      144338.9      241868.9
  3  1 11       31209.9       74798.1      146349.2      160917.7      263878.1
  3  1 12       36951.7       85659.4      167639.9      179113.1      287937.0
  3  1 13       43175.5       97477.8      191044.7      198678.0      313794.7
  3  1 14       49739.2      110009.4      216090.2      219262.8      341060.2
  3  1 15       56467.6      122933.8      242120.0      240406.2      369179.1
  3  1 16       63155.0      135858.1      268306.6      261529.4      397417.7
  3  1 17       69567.5      148324.1      293674.3      281935.9      424858.7
  3  1 18       75446.8      159817.4      317127.0      300820.6      450414.6
  3  1 19       80515.6      169781.7      337484.4      317291.6      472861.8
  3  1 20       84485.9      177638.4      353526.5      330407.2      490900.1
  3  1 21       87070.8      182813.3      364050.8      339229.1      503236.9
  3  1 22       87999.3      184771.5      367942.6      342889.6      508692.9
  3  1 23       87034.0      183055.7      364256.9      340667.4      506321.0
  3  1 24       83988.1      177327.4      352307.5      332063.2      495526.2
  3  1 25       78741.4      167406.2      331762.7      316864.3      476168.8
  3  1 26       71255.4      153308.8      302757.1      295189.1      448634.1
  3  1 27       61593.2      135297.3      266038.6      267508.8      413850.9
  3  1 28       49959.9      113954.0      223174.9      234656.7      373249.4
  3  1 29       36790.0       90293.5      176772.3      197851.7      328655.7
  3  1 30       22949.0       65858.3      130492.6      158767.1      282132.7
  3  1 31           0.0       42631.5       88507.3      119630.2      235786.7
  3  1 32           0.0       22649.8       54290.5       83210.5      191567.6
  3  1 33           0.0           0.0       29385.1       52416.3      151093.1
  3  1 34           0.0           0.0       13218.1       29373.8      115523.6
  3  1 35           0.0           0.0           0.0       14466.9       85503.5
  3  1 36           0.0           0.0           0.0        6241.1       61174.0
  3  1 37           0.0           0.0           0.0        2372.2       42247.7
  1  2  1       12187.6       36160.6       72184.0       89338.8      162039.9
  1  2  2       13629.4       40271.1       80353.2       99289.4      179830.8
  1  2  3       15700.0       45533.3       90673.9      111210.7      200108.4
  1  2  4       18518.9       52137.7      103515.8      125361.1      223120.9
  1  2  5       22209.3       60282.4      119284.9      141992.8      249117.4
  1  2  6       26887.7       70162.7      138406.9      161338.4      278337.3
  1  2  7       32652.0       81957.2      161299.1      183594.4      310997.7
  1  2  8       39570.1       95809.2      188332.3      208903.1      347277.2
  1  2  9       47670.8      111807.3      219783.5      237334.7      387296.5
  1  2 10       56937.4      129966.3      255785.2      268870.9      431095.9
  1  2 11       67304.5      150212.7      296279.3      303390.6      478610.3
  1  2 12       78657.6      172375.8      340983.9      340659.2      529642.8
  1  2 13       90835.9      196186.8      389379.2      380319.6      583837.0
  1  2 14      103637.3      221284.2      440715.2      421885.9      640652.6
  1  2 15      116824.1      247222.4      494035.7      464739.2      699344.1
  1  2 16      130128.1      273482.5      548212.0      508125.4      758947.0
  1  2 17      143255.3      299481.9      601976.9      551156.6      818274.5
  1  2 18      155889.8      324584.2      653956.5      592819.5      875928.0
  1  2 19      167697.2      348108.6      702699.1      631991.3      930324.9
  1  2 20      178330.8      369344.3      746705.8      667467.5      979743.6
  1  2 21      187439.2      387568.9      784467.8      698002.8     1022390.2
  1  2 22      194677.9      402073.5      814515.0      722363.7     1056482.4
  1  2 23      199723.4      412194.1      835475.4      739392.6     1080349.0
  1  2 24      202289.8      417346.7      846142.5      748078.2     1092538.8
  1  2 25      202145.1      417063.0      845544.2      747627.3     1091932.0
  1  2 26      199125.4      411021.9      833004.1      737529.3     1077841.9
  1  2 27      193144.0      399071.8      808184.2      717606.5     1050098.8
  1  2 28      184193.3      381239.0      771103.1      688040.6     1009103.5
  1  2 29      172336.8      357720.1      722126.7      649370.3      955843.1
  1  2 30      157694.1      328861.3      661949.2      602456.7      891862.1
  1  2 31      140424.7      295139.8      591608.2      548421.5      819188.5
  1  2 32      120728.1      257178.5      512619.7      488576.8      740218.4
  1  2 33       98890.9      215846.0      427323.2      424381.8      657568.0
  1  2 34       75415.3      172470.1      339392.7      357478.6      573906.5
  1  2 35       51256.7      129084.1      254090.6      289845.2      491785.9
  1  2 36       28251.2       88406.8      177542.7      224018.1      413485.5
  1  2 37           0.0       53238.4      114852.2      163169.8      340885.6
  2  2  1        8341.0       28430.7       59916.2       81579.3      168940.2
  2  2  2        8495.8       29677.7       62727.6       86134.2      179628.8
  2  2  3        9045.5       31749.8       67146.2       92350.3      192851.5
  2  2  4       10044.5       34749.8       73362.8      100406.5      208820.3
  2  2  5       11566.8       38805.4       81629.0      110509.4      227784.3
  2  2  6       13702.8       44067.1       92255.4      122886.2      250020.2
  2  2  7       16554.2       50703.0      105604.2      137774.4      275819.9
  2  2  8       20223.9       58889.4      122073.1      155406.4      305473.9
  2  2  9       24805.3       68797.1      142068.7      175990.0      339249.7
  2  2 10       30371.0       80572.6      165968.1      199685.3      377363.9
  2  2 11       36962.0       94316.6      194068.4      226577.7      419948.2
  2  2 12       44578.7      110060.1      226528.3      256650.1      467008.0
  2  2 13       53173.1      127741.8      263308.0      289753.9      518376.1
  2  2 14       62642.8      147190.1      304115.4      325582.4      573662.7
  2  2 15       72828.2      168110.1      348367.2      363645.2      632205.0
  2  2 16       83511.3      190078.2      395170.7      403249.5      693023.3
  2  2 17       94418.1      212543.8      443327.4      443486.7      754788.3
  2  2 18      105223.0      234838.1      491358.3      483232.4      815809.4
  2  2 19      115556.3      256189.4      537548.6      521161.1      874052.0
  2  2 20      125014.8      275748.3      580009.8      555781.1      927192.0
  2  2 21      133177.5      292620.7      616761.1      585495.0      972713.2
  2  2 22      139625.2      305913.5      645831.4      608684.3     1008048.6
  2  2 23      143966.1      314789.3      665379.0      623819.1     1030762.1
  2  2 24      145863.3      318529.5      673826.3      629583.5     1038758.5
  2  2 25      145065.2      316599.4      669997.2      625006.7     1030501.8
  2  2 26      141431.1      308706.7      653241.7      609582.8     1005216.7
  2  2 27      134951.5      294846.2      623531.1      583362.1      963044.4
  2  2 28      125757.2      275322.3      581508.6      546997.0      905122.6
  2  2 29      114116.6      250745.3      528493.0      501729.4      833569.4
  2  2 30      100424.3      222007.8      466450.7      449320.6      751360.4
  2  2 31       85190.3      190256.1      397973.5      391933.2      662103.3
  2  2 32       69040.2      156875.4      326291.2      331992.5      569735.1
  2  2 33       52734.1      123491.7      255273.1      272054.5      478177.1
  2  2 34       37180.6       91933.0      189210.3      214686.8      390995.7
  2  2 35       23399.1       64036.9      132123.9      162322.4      311115.4
  2  2 36       12395.8       41252.6       86696.1      117020.3      240622.4
  2  2 37           0.0       24214.7       53493.9       80131.3      180681.9
  3  2  1        9392.6       31343.9       63880.5       83012.5      158811.7
  3  2  2        8652.0       30891.2       63494.6       84146.4      164011.5
  3  2  3           0.0       31556.2       65157.3       87156.0      171427.3
  3  2  4           0.0       33374.8       68898.2       92122.8      181124.6
  3  2  5       10212.5       36420.1       74847.8       99160.7      193216.4
  3  2  6       12132.5       40798.3       83227.4      108408.6      207853.6
  3  2  7       14897.5       46638.6       94332.4      120017.9      225214.3
  3  2  8       18601.6       54080.1      108506.0      134135.5      245491.6
  3  2  9       23312.5       63252.8      126102.1      150884.8      268879.5
  3  2 10       29058.5       74255.3      147434.2      170346.5      295553.9
  3  2 11       35823.5       87131.5      172716.0      192541.1      325650.2
  3  2 12       43547.6      101850.3      202001.5      217414.5      359235.6
  3  2 13       52130.3      118293.9      235136.8      244824.9      396276.7
  3  2 14       61434.4      136254.8      271736.6      274532.1      436602.8
  3  2 15       71291.1      155440.5      311186.7      306183.9      479867.3
  3  2 16       81503.0      175480.4      352667.3      339301.2      525508.9
  3  2 17       91845.8      195931.8      395181.3      373260.9      572718.3
  3  2 18      102066.1      216280.0      437576.6      407280.0      620414.3
  3  2 19      111878.7      235936.3      478556.6      440407.2      667236.9
  3  2 20      120963.4      254236.9      516685.8      471526.2      711563.4
  3  2 21      128966.1      270448.4      550400.7      499378.1      751553.8
  3  2 22      135504.8      283783.4      578037.2      522605.3      785230.7
  3  2 23      140179.8      293427.7      597879.7      539818.5      810593.1
  3  2 24      142589.3      298576.0      608227.9      549681.3      825761.6
  3  2 25      142344.5      298471.7      607473.4      551005.7      829144.7
  3  2 26      139080.3      292441.9      594174.1      542843.1      819610.7
  3  2 27      132457.8      279923.0      567126.5      524556.2      796644.0
  3  2 28      122160.7      260483.4      525480.2      495857.3      760462.9
  3  2 29      107905.3      233887.5      469023.8      456819.5      712076.4
  3  2 30       89522.5      200297.7      398869.7      407905.8      653262.4
  3  2 31       67217.1      160736.9      318613.8      350131.6      586460.9
  3  2 32       42174.6      117712.3      235248.3      285499.9      514586.5
  3  2 33           0.0       75331.1      158126.1      217671.0      440781.7
  3  2 34           0.0       38251.1       95350.2      152289.3      368139.2
  3  2 35           0.0           0.0       50244.2       95963.3      299434.5
  3  2 36           0.0           0.0       21480.6       53707.1      236903.0
  3  2 37           0.0           0.0           0.0       26588.7      182094.1
  1  3  1           0.0       29689.6       64270.8       93155.9      202540.7
  1  3  2       10643.9       40080.9       84997.4      118450.5      248379.5
  1  3  3       16049.9       53312.0      111327.8      149037.8      301907.7
  1  3  4       23226.4       69832.5      144260.7      185477.7      363752.6
  1  3  5       32385.7       90053.4      184764.6      228235.0      434439.9
  1  3  6       43680.5      114307.8      233692.7      277640.7      514355.5
  1  3  7       57191.0      142811.8      291685.6      333857.3      603705.9
  1  3  8       72915.4      175631.4      359077.8      396851.7      702480.4
  1  3  9       90765.2      212661.4      435821.6      466377.7      810416.1
  1  3 10      110565.8      253618.1      521444.5      541968.3      926969.1
  1  3 11      132064.2      298047.8      615047.9      622937.7     1051293.9
  1  3 12      154941.0      345347.5      715345.7      708392.5     1182233.1
  1  3 13      178825.3      394792.2      820733.4      797247.7     1318318.7
  1  3 14      203309.7      445566.2      929371.9      888249.9     1457788.2
  1  3 15      227964.2      496791.8     1039271.6      980003.3     1598613.4
  1  3 16      252348.2      547555.3     1148367.4     1071001.1     1738544.5
  1  3 17      276019.4      596929.6     1254580.0     1159660.3     1875166.6
  1  3 18      298543.0      643994.3     1355865.6     1244361.2     2005967.7
  1  3 19      319499.1      687855.0     1450258.1     1323490.4     2128415.1
  1  3 20      338490.6      727662.0     1535906.9     1395486.8     2240038.0
  1  3 21      355151.6      762629.9     1611113.4     1458888.9     2338511.2
  1  3 22      369154.8      792056.6     1674366.4     1512380.9     2421736.2
  1  3 23      380219.7      815340.6     1724374.3     1554835.2     2487916.9
  1  3 24      388118.5      831995.7     1760091.5     1585349.2     2535624.3
  1  3 25      392679.7      841661.6     1780736.0     1603272.6     2563847.7
  1  3 26      393789.2      844106.5     1785791.6     1608224.6     2572031.0
  1  3 27      391386.4      839222.6     1774993.4     1600097.2     2560089.5
  1  3 28      385454.5      827010.9     1748289.3     1579043.6     2528409.4
  1  3 29      376004.9      807553.2     1705776.6     1545450.9     2477828.6
  1  3 30      363053.1      780972.2     1647612.9     1499894.3     2409600.7
  1  3 31      346587.2      747378.6     1573908.8     1443075.1     2325343.9
  1  3 32      326531.3      706815.2     1484636.0     1375743.2     2226978.0
  1  3 33      302715.7      659219.5     1379621.1     1298615.7     2116652.6
  1  3 34      274875.6      604450.7     1258760.9     1212315.5     1996671.1
  1  3 35      242722.4      542456.3     1122628.2     1117374.5     1869412.2
  1  3 36      206137.7      473644.7      973515.9     1014368.0     1737254.9
  1  3 37      165514.7      399423.6      816535.9      904236.1     1602508.3
  2  3  1           0.0       24435.3       57208.5       93264.4      230588.8
  2  3  2           0.0       31002.0       69898.0      108544.7      256283.2
  2  3  3           0.0       38871.7       85291.2      126267.5      285813.0
  2  3  4       13505.8       48226.4      103824.3      146703.2      319609.7
  2  3  5       18592.8       59257.4      125960.2      170132.3      358121.4
  2  3  6       24665.8       72152.5      152166.1      196831.7      401799.5
  2  3  7       31766.5       87082.9      182882.9      227059.8      451079.9
  2  3  8       39928.5      104188.9      218488.8      261039.4      506359.4
  2  3  9       49171.1      123565.8      259261.5      298939.1      567965.5
  2  3 10       59491.4      145251.8      305341.2      340853.1      636119.8
  2  3 11       70859.8      169217.9      356700.2      386779.2      710896.0
  2  3 12       83214.9      195359.1      413119.7      436595.3      792172.5
  2  3 13       96460.3      223486.9      474174.6      490034.0      879581.8
  2  3 14      110461.0      253323.1      539222.1      546657.0      972460.2
  2  3 15      125039.8      284491.6      607393.5      605829.9     1069800.6
  2  3 16      139973.8      316512.2      677585.8      666701.0     1170214.7
  2  3 17      154991.7      348794.3      748455.5      728187.5     1271909.7
  2  3 18      169771.5      380635.6      818418.4      788971.9     1372686.3
  2  3 19      183942.6      411226.0      885659.8      847514.7     1469964.8
  2  3 20      197090.5      439660.4      948161.8      902085.6     1560844.0
  2  3 21      208766.4      464961.4     1003750.4      950816.1     1642197.0
  2  3 22      218501.8      486112.7     1050166.2      991773.7     1710805.0
  2  3 23      225827.1      502102.0     1085154.4     1023055.8     1763524.7
  2  3 24      230292.5      511969.8     1106569.5     1042897.6     1797482.7
  2  3 25      231489.9      514860.9     1112484.5     1049786.1     1810282.2
  2  3 26      229072.2      510071.3     1101294.4     1042568.9     1800207.4
  2  3 27      222767.6      497088.5     1071809.5     1020546.6     1766403.0
  2  3 28      212392.8      475626.2     1023354.1      983540.7     1709009.0
  2  3 29      197874.2      445675.3      955931.2      931941.2     1629230.5
  2  3 30      179301.3      407607.6      870548.9      866754.2     1529327.8
  2  3 31      157031.9      362363.2      769751.4      789674.8     1412520.7
  2  3 32      131829.6      311665.9      658119.2      703173.1     1282807.7
  2  3 33      104944.9      258089.6      542201.4      610511.3     1144714.3
  2  3 34       78074.5      204837.0      429577.6      515620.7     1002992.7
  2  3 35       53214.7      155262.3      327374.4      422846.5      862302.8
  2  3 36       32373.4      112207.4      240720.5      336488.4      726908.1
  2  3 37           0.0       77338.2      171719.9      260075.0      600417.3
  3  3  1           0.0       21105.4       49654.2       82232.6      207686.2
  3  3  2           0.0       26240.0       60573.2       97850.4      241558.8
  3  3  3           0.0       32508.5       73722.8      115890.1      279282.1
  3  3  4           0.0       40089.5       89471.9      136573.0      321016.0
  3  3  5       12570.2       49163.3      108210.4      160096.4      366886.8
  3  3  6       16844.0       59902.6      130335.6      186621.6      416982.1
  3  3  7       22126.7       72461.6      156230.6      216262.2      471347.5
  3  3  8       28487.0       86963.4      186238.1      249074.0      529982.7
  3  3  9       35956.9      103486.9      220629.3      285047.5      592839.8
  3  3 10       44529.9      122056.5      259572.8      324105.1      659821.6
  3  3 11       54161.4      142634.6      303107.9      366103.4      730781.4
  3  3 12       64773.1      165121.1      351127.7      410840.0      805524.3
  3  3 13       76259.4      189358.5      403377.4      458064.5      883808.9
  3  3 14       88495.4      215142.8      459466.9      507491.1      965350.3
  3  3 15      101345.8      242238.0      518897.4      558811.5     1049824.7
  3  3 16      114672.3      270390.7      581094.7      611706.1     1136873.7
  3  3 17      128339.6      299342.9      645444.3      665852.2     1226110.5
  3  3 18      142219.4      328841.4      711320.1      720929.9     1317126.0
  3  3 19      156191.3      358642.7      778104.5      776624.2     1409495.5
  3  3 20      170142.5      388514.6      845198.7      832626.7     1502785.8
  3  3 21      183965.8      418234.1      912023.6      888634.9     1596562.2
  3  3 22      197557.0      447584.4      978014.0      944351.1     1690395.5
  3  3 23      210810.9      476348.7     1042605.5      999480.6     1783868.7
  3  3 24      223616.3      504301.9     1105213.2     1053727.7     1876583.5
  3  3 25      235847.7      531197.2     1165195.9     1106788.1     1968165.9
  3  3 26      247352.5      556743.1     1221796.8     1158334.3     2058271.4
  3  3 27      257927.4      580565.3     1274044.6     1207989.5     2146589.9
  3  3 28      267284.0      602146.4     1320602.1     1255282.9     2232849.0
  3  3 29      274995.9      620741.0     1359563.4     1299583.7     2316817.7
  3  3 30      280439.7      635282.0     1388259.4     1340017.4     2398307.8
  3  3 31      282756.2      644337.2     1403253.9     1375398.2     2477176.2
  3  3 32      280902.0      646237.0     1400852.1     1404255.1     2553325.2
  3  3 33      273862.1      639486.2     1378343.4     1425047.2     2626703.2
  3  3 34      261003.9      623385.6     1335564.6     1436576.7     2697303.7
  3  3 35      242392.9      598491.2     1275644.8     1438416.2     2765164.8
  3  3 36      218857.0      566538.1     1204145.5     1431084.0     2830367.8
  3  3 37      191740.1      529805.0     1127063.3     1415806.8     2893035.6
