  1  1  1       11877.7
  1  1  2       11529.4
  1  1  3       11531.6
  1  1  4       11892.0
  1  1  5       12637.8
  1  1  6       13818.9
  1  1  7       15510.4
  1  1  8       17816.0
  1  1  9       20870.4
  1  1 10       24841.1
  1  1 11       29927.7
  1  1 12       36357.1
  1  1 13       44372.3
  1  1 14       54214.4
  1  1 15       66094.7
  1  1 16       80159.0
  1  1 17       96447.2
  1  1 18      114852.5
  1  1 19      135088.2
  1  1 20      156668.9
  1  1 21      178911.5
  1  1 22      200958.3
  1  1 23      221819.2
  1  1 24      240430.2
  1  1 25      255720.4
  1  1 26      266682.9
  1  1 27      272445.1
  1  1 28      272335.7
  1  1 29      265946.2
  1  1 30      253186.4
  1  1 31      234333.2
  1  1 32      210071.6
  1  1 33      181523.8
  1  1 34      150250.7
  1  1 35      118197.0
  1  1 36       87531.3
  1  1 37       60344.2
  2  1  1        9439.4
  2  1  2       10254.9
  2  1  3       11339.7
  2  1  4       12729.2
  2  1  5       14470.3
  2  1  6       16621.2
  2  1  7       19251.4
  2  1  8       22441.2
  2  1  9       26280.3
  2  1 10       30866.1
  2  1 11       36299.6
  2  1 12       42680.4
  2  1 13       50100.3
  2  1 14       58634.4
  2  1 15       68331.4
  2  1 16       79202.6
  2  1 17       91211.1
  2  1 18      104260.5
  2  1 19      118186.1
  2  1 20      132746.9
  2  1 21      147622.2
  2  1 22      162411.1
  2  1 23      176637.8
  2  1 24      189763.1
  2  1 25      201201.9
  2  1 26      210349.4
  2  1 27      216613.9
  2  1 28      219457.4
  2  1 29      218441.8
  2  1 30      213278.5
  2  1 31      203876.7
  2  1 32      190387.5
  2  1 33      173234.9
  2  1 34      153126.0
  2  1 35      131031.5
  2  1 36      108124.9
  2  1 37       85675.3
  3  1  1         364.9
  3  1  2         464.9
  3  1  3         610.6
  3  1  4         821.6
  3  1  5        1124.9
  3  1  6        1557.5
  3  1  7        2168.8
  3  1  8        3023.5
  3  1  9        4203.9
  3  1 10        5812.4
  3  1 11        7971.2
  3  1 12       10820.6
  3  1 13       14512.0
  3  1 14       19196.5
  3  1 15       25008.9
  3  1 16       32046.1
  3  1 17       40344.1
  3  1 18       49856.6
  3  1 19       60438.1
  3  1 20       71836.4
  3  1 21       83696.0
  3  1 22       95572.1
  3  1 23      106953.2
  3  1 24      117290.0
  3  1 25      126026.3
  3  1 26      132629.4
  3  1 27      136621.3
  3  1 28      137608.0
  3  1 29      135312.6
  3  1 30      129610.7
  3  1 31      120571.5
  3  1 32      108501.1
  3  1 33       93977.4
  3  1 34       77858.2
  3  1 35       61234.6
  3  1 36       45305.9
  3  1 37       31182.0
  1  2  1       13157.4
  1  2  2       17235.6
  1  2  3       22572.1
  1  2  4       29503.9
  1  2  5       38428.7
  1  2  6       49800.9
  1  2  7       64120.6
  1  2  8       81911.7
  1  2  9      103688.7
  1  2 10      129912.7
  1  2 11      160937.2
  1  2 12      196950.5
  1  2 13      237920.6
  1  2 14      283552.2
  1  2 15      333261.9
  1  2 16      386179.8
  1  2 17      441175.6
  1  2 18      496908.6
  1  2 19      551894.4
  1  2 20      604579.7
  1  2 21      653419.0
  1  2 22      696945.2
  1  2 23      733831.9
  1  2 24      762944.6
  1  2 25      783380.4
  1  2 26      794496.2
  1  2 27      795925.7
  1  2 28      787585.2
  1  2 29      769667.8
  1  2 30      742627.8
  1  2 31      707154.8
  1  2 32      664141.2
  1  2 33      614645.6
  1  2 34      559857.5
  1  2 35      501069.7
  1  2 36      439665.8
  1  2 37      377125.9
  2  2  1        9153.4
  2  2  2       10834.3
  2  2  3       13073.3
  2  2  4       16029.2
  2  2  5       19904.8
  2  2  6       24955.1
  2  2  7       31492.4
  2  2  8       39889.1
  2  2  9       50574.3
  2  2 10       64021.2
  2  2 11       80723.2
  2  2 12      101156.1
  2  2 13      125727.7
  2  2 14      154716.5
  2  2 15      188208.3
  2  2 16      226036.8
  2  2 17      267740.0
  2  2 18      312538.1
  2  2 19      359338.1
  2  2 20      406763.5
  2  2 21      453208.2
  2  2 22      496906.6
  2  2 23      536018.7
  2  2 24      568724.3
  2  2 25      593324.5
  2  2 26      608345.1
  2  2 27      612638.8
  2  2 28      605478.0
  2  2 29      586630.9
  2  2 30      556414.9
  2  2 31      515721.0
  2  2 32      466009.0
  2  2 33      409275.8
  2  2 34      347998.6
  2  2 35      285049.3
  2  2 36      223554.6
  2  2 37      166660.3
  3  2  1        3356.7
  3  2  2        3944.3
  3  2  3        4742.9
  3  2  4        5817.4
  3  2  5        7253.4
  3  2  6        9163.2
  3  2  7       11691.3
  3  2  8       15020.8
  3  2  9       19379.2
  3  2 10       25042.0
  3  2 11       32333.2
  3  2 12       41620.1
  3  2 13       53300.5
  3  2 14       67780.3
  3  2 15       85441.6
  3  2 16      106602.3
  3  2 17      131471.0
  3  2 18      160103.2
  3  2 19      192364.4
  3  2 20      227907.3
  3  2 21      266165.4
  3  2 22      306364.4
  3  2 23      347547.2
  3  2 24      388610.4
  3  2 25      428345.0
  3  2 26      465478.8
  3  2 27      498719.1
  3  2 28      526793.6
  3  2 29      548491.3
  3  2 30      562703.4
  3  2 31      568465.7
  3  2 32      565003.5
  3  2 33      551781.0
  3  2 34      528560.3
  3  2 35      495474.4
  3  2 36      453122.5
  3  2 37      402687.7
  1  3  1       27731.3
  1  3  2       41955.7
  1  3  3       61420.9
  1  3  4       87245.5
  1  3  5      120515.4
  1  3  6      162199.6
  1  3  7      213063.4
  1  3  8      273590.7
  1  3  9      343922.6
  1  3 10      423817.2
  1  3 11      512635.0
  1  3 12      609349.2
  1  3 13      712578.6
  1  3 14      820639.4
  1  3 15      931612.1
  1  3 16     1043416.7
  1  3 17     1153894.2
  1  3 18     1260886.7
  1  3 19     1362315.9
  1  3 20     1456252.9
  1  3 21     1540979.6
  1  3 22     1615037.8
  1  3 23     1677265.9
  1  3 24     1726821.5
  1  3 25     1763190.9
  1  3 26     1786186.2
  1  3 27     1795930.6
  1  3 28     1792834.4
  1  3 29     1777562.3
  1  3 30     1750995.5
  1  3 31     1714189.5
  1  3 32     1668329.1
  1  3 33     1614683.8
  1  3 34     1554564.5
  1  3 35     1489282.4
  1  3 36     1420113.1
  1  3 37     1348265.8
  2  3  1       15439.4
  2  3  2       22242.1
  2  3  3       31281.9
  2  3  4       43071.5
  2  3  5       58177.3
  2  3  6       77207.0
  2  3  7      100792.3
  2  3  8      129564.7
  2  3  9      164126.2
  2  3 10      205013.9
  2  3 11      252660.6
  2  3 12      307353.5
  2  3 13      369191.4
  2  3 14      438045.1
  2  3 15      513521.9
  2  3 16      594937.8
  2  3 17      681300.7
  2  3 18      771305.2
  2  3 19      863344.2
  2  3 20      955535.8
  2  3 21     1045770.0
  2  3 22     1131773.8
  2  3 23     1211194.1
  2  3 24     1281697.4
  2  3 25     1341080.6
  2  3 26     1387387.0
  2  3 27     1419019.6
  2  3 28     1434839.8
  2  3 29     1434243.2
  2  3 30     1417201.9
  2  3 31     1384269.1
  2  3 32     1336543.7
  2  3 33     1275600.5
  2  3 34     1203393.8
  2  3 35     1122145.8
  2  3 36     1034229.7
  2  3 37      942058.3
  3  3  1       11227.0
  3  3  2       13874.1
  3  3  3       17393.9
  3  3  4       22051.2
  3  3  5       28185.0
  3  3  6       36222.9
  3  3  7       46692.1
  3  3  8       60226.5
  3  3  9       77564.6
  3  3 10       99533.3
  3  3 11      127014.7
  3  3 12      160891.0
  3  3 13      201971.0
  3  3 14      250901.5
  3  3 15      308073.6
  3  3 16      373536.1
  3  3 17      446927.1
  3  3 18      527430.1
  3  3 19      613758.4
  3  3 20      704163.3
  3  3 21      796463.4
  3  3 22      888090.0
  3  3 23      976150.8
  3  3 24     1057511.1
  3  3 25     1128897.8
  3  3 26     1187027.1
  3  3 27     1228754.5
  3  3 28     1251243.0
  3  3 29     1252139.7
  3  3 30     1229753.2
  3  3 31     1183226.7
  3  3 32     1112710.2
  3  3 33     1019551.8
  3  3 34      906532.0
  3  3 35      778142.9
  3  3 36      640817.3
  3  3 37      502832.9
